194
Rybienko_Stare_20160126_Poland_2              0.0000000 0.0285024 0.0078841 0.0039241 0.0068713 0.0088105 0.0057621 0.0055569 0.0070549 0.0066452 0.0049629 0.0099386 0.0041982 0.0053723 0.0032031 0.0057980 0.0101506 0.0136570 0.0074803 0.0024011 0.0081235 0.0063728 0.0053716 0.0432954 0.0075183 0.0338320 0.0055944 0.0045357 0.0057445 0.0062036 0.0038319 0.0056173 0.0026163 0.0158820 0.0056271 0.0055753 0.0059963 0.0140257 0.0285024 0.0045709 0.0086806 0.0061859 0.0141003 0.0066213 0.0062196 0.0064019 0.0094613 0.0059899 0.0024743 0.0049290 0.0139256 0.0102944 0.0029639 0.0031771 0.0299042 0.0027755 0.0080119 0.0029707 0.0057445 0.0058427 0.0081253 0.0085459 0.0066001 0.0097508 0.0049301 0.1248355 0.0070268 0.0101282 0.0055380 0.0096862 0.0047642 0.0053615 0.0133636 0.0029790 0.0064171 0.0084113 0.0064455 0.0045271 0.0149813 0.0046538 0.0142648 0.0035780 0.0087275 0.0059752 0.0102898 0.0062029 0.0032848 0.0108263 0.0098221 0.0045271 0.0117942 0.0141003 0.0048587 0.0087146 0.0029813 0.0106393 0.0068422 0.0027248 0.0192338 0.0049291 0.0027713 0.0000010 0.0062345 0.0060415 0.0099544 0.0580088 0.0049876 0.0084268 0.0070324 0.0086566 0.0047336 0.0045351 0.0070922 0.0070383 0.0045542 0.0064119 0.0081933 0.0041848 0.0075195 0.0053496 0.0165214 0.0056058 0.0063846 0.0059818 0.0064238 0.0058106 0.0070478 0.0037432 0.0065089 0.0057942 0.0101282 0.0144493 0.0060497 0.0038319 0.0055884 0.0050327 0.0076889 0.0072739 0.0051361 0.0104499 0.0144493 0.0092528 0.0085653 0.0081933 0.0051314 0.0051361 0.0026100 0.0107465 0.0106393 0.0073172 0.0082067 0.0097957 0.0029874 0.0068135 0.0062271 0.0053872 0.0051340 0.0034230 0.0068907 0.0083156 0.0088024 0.0103975 0.0063884 0.0053697 0.0079975 0.0080821 0.0082005 0.0055569 0.0074692 0.0107778 0.0113870 0.0096797 0.0036712 0.0275274 0.0097583 0.0025797 0.0077425 0.0084113 0.0035579 0.0062300 0.0057980 0.0035646 0.0070090 0.0072554 0.0059899 0.0053653 0.0049772 0.0060052 0.0049301 0.0076992 0.0103378 0.0111296 0.0059961 0.0051513 
Carlsbad_20160901_USA_1                       0.0285024 0.0000000 0.0288113 0.0205198 0.0295693 0.0188958 0.0258693 0.0266870 0.0282299 0.0269997 0.0252996 0.0313235 0.0239227 0.0267859 0.0221248 0.0266704 0.0306807 0.0391448 0.0309468 0.0222424 0.0225680 0.0257406 0.0264038 0.0865208 0.0235968 0.0641995 0.0263714 0.0278638 0.0267195 0.0262543 0.0193372 0.0211321 0.0223852 0.0179122 0.0280069 0.0237746 0.0266497 0.0365303 0.0000010 0.0242989 0.0230945 0.0274158 0.0177131 0.0270337 0.0316705 0.0229933 0.0338783 0.0281061 0.0236675 0.0228610 0.0410516 0.0346410 0.0230438 0.0222288 0.0673083 0.0228640 0.0304763 0.0244229 0.0267195 0.0210596 0.0297816 0.0291322 0.0286843 0.0321633 0.0222873 0.2155766 0.0282532 0.0348537 0.0273997 0.0342043 0.0255784 0.0253158 0.0426418 0.0231605 0.0287645 0.0294778 0.0287472 0.0252162 0.0390510 0.0258519 0.0216631 0.0239993 0.0334592 0.0234053 0.0337327 0.0273602 0.0210332 0.0338331 0.0312970 0.0255102 0.0357944 0.0177131 0.0258173 0.0322122 0.0231320 0.0340408 0.0300658 0.0266980 0.0459109 0.0288498 0.0237685 0.0285024 0.0283408 0.0258180 0.0315496 0.1134372 0.0217300 0.0304245 0.0272898 0.0299558 0.0201746 0.0253412 0.0226201 0.0293552 0.0267247 0.0290252 0.0291786 0.0298461 0.0305569 0.0268516 0.0457406 0.0263001 0.0272904 0.0257401 0.0282605 0.0274876 0.0270215 0.0236898 0.0287388 0.0271218 0.0348537 0.0378990 0.0264678 0.0193372 0.0267915 0.0249230 0.0279680 0.0285735 0.0225756 0.0326362 0.0378990 0.0315893 0.0321181 0.0291786 0.0204762 0.0225756 0.0225968 0.0348703 0.0340408 0.0288732 0.0303818 0.0339648 0.0228906 0.0293205 0.0272127 0.0255855 0.0279064 0.0242350 0.0288601 0.0279649 0.0311354 0.0183847 0.0306525 0.0253046 0.0301230 0.0310040 0.0286886 0.0266870 0.0307811 0.0354883 0.0359995 0.0341863 0.0236758 0.0187820 0.0315432 0.0223286 0.0274866 0.0294778 0.0234597 0.0264741 0.0266704 0.0232944 0.0271780 0.0286818 0.0281061 0.0271180 0.0273675 0.0234227 0.0222873 0.0240467 0.0338551 0.0320732 0.0213144 0.0267403 
Oswiecim_20160303_Poland_2                    0.0078841 0.0288113 0.0000000 0.0037248 0.0081979 0.0096435 0.0053730 0.0066359 0.0070958 0.0062587 0.0053927 0.0092908 0.0048404 0.0063941 0.0040503 0.0076987 0.0119930 0.0129395 0.0086070 0.0036410 0.0106149 0.0061853 0.0056015 0.0432653 0.0084832 0.0337533 0.0074914 0.0072674 0.0055567 0.0056010 0.0034175 0.0077051 0.0036809 0.0175301 0.0055984 0.0051678 0.0062417 0.0127774 0.0288113 0.0039617 0.0094052 0.0066243 0.0139727 0.0060064 0.0076795 0.0064192 0.0079114 0.0083519 0.0041862 0.0049476 0.0153359 0.0083081 0.0039993 0.0038041 0.0302253 0.0038069 0.0075697 0.0040116 0.0055567 0.0065308 0.0085731 0.0083624 0.0051289 0.0102023 0.0053568 0.1262101 0.0068313 0.0081365 0.0057595 0.0081303 0.0060259 0.0043519 0.0127219 0.0040144 0.0053522 0.0081860 0.0079064 0.0045441 0.0133381 0.0042537 0.0133593 0.0037872 0.0078541 0.0057897 0.0096238 0.0060142 0.0041348 0.0101026 0.0119214 0.0043381 0.0122463 0.0139727 0.0042485 0.0096257 0.0038019 0.0108590 0.0075183 0.0048435 0.0169092 0.0083502 0.0035906 0.0078841 0.0075290 0.0054189 0.0106465 0.0575429 0.0079888 0.0073133 0.0043257 0.0073400 0.0067595 0.0045461 0.0069053 0.0053464 0.0064483 0.0066310 0.0081991 0.0037323 0.0075046 0.0051440 0.0169709 0.0053977 0.0066040 0.0039310 0.0076902 0.0055957 0.0070741 0.0033446 0.0058412 0.0066392 0.0081365 0.0134962 0.0066980 0.0034175 0.0058121 0.0061256 0.0087975 0.0073163 0.0051555 0.0093503 0.0134962 0.0115893 0.0074593 0.0081991 0.0051428 0.0051555 0.0038648 0.0099708 0.0108590 0.0075368 0.0082014 0.0100278 0.0036028 0.0057449 0.0082161 0.0066553 0.0087750 0.0034337 0.0075221 0.0094437 0.0090774 0.0095370 0.0105062 0.0066334 0.0078172 0.0063943 0.0082319 0.0066359 0.0061551 0.0087708 0.0086250 0.0077014 0.0045371 0.0272428 0.0120586 0.0038181 0.0068692 0.0081860 0.0039667 0.0079400 0.0076987 0.0037834 0.0043115 0.0070519 0.0083519 0.0066388 0.0064487 0.0049686 0.0053568 0.0081550 0.0079082 0.0130411 0.0060192 0.0053715 
Encinitas_20160601_USA_1                      0.0039241 0.0205198 0.0037248 0.0000000 0.0030898 0.0040379 0.0022400 0.0024530 0.0030816 0.0020453 0.0016231 0.0042601 0.0008148 0.0030818 0.0000010 0.0028616 0.0056782 0.0105979 0.0047969 0.0000010 0.0043516 0.0022305 0.0018366 0.0372234 0.0042644 0.0275796 0.0026554 0.0032932 0.0024449 0.0014187 0.0004199 0.0033075 0.0002067 0.0110988 0.0030986 0.0006021 0.0020397 0.0077988 0.0205198 0.0006054 0.0047135 0.0028711 0.0080196 0.0028945 0.0050199 0.0008062 0.0063666 0.0045568 0.0000010 0.0002000 0.0099582 0.0072251 0.0002021 0.0000010 0.0241987 0.0000010 0.0044146 0.0006145 0.0024449 0.0033046 0.0047903 0.0031507 0.0030852 0.0047065 0.0000010 0.1217865 0.0024433 0.0072691 0.0024451 0.0063666 0.0024539 0.0010088 0.0088803 0.0002026 0.0035218 0.0037242 0.0035103 0.0010066 0.0082567 0.0014540 0.0080486 0.0002024 0.0063373 0.0006025 0.0057548 0.0026621 0.0000010 0.0067312 0.0062876 0.0010066 0.0089595 0.0080196 0.0014509 0.0051039 0.0000010 0.0075600 0.0039324 0.0004612 0.0146511 0.0045663 0.0002029 0.0039241 0.0039603 0.0014258 0.0059355 0.0529116 0.0035529 0.0046401 0.0022583 0.0044021 0.0024078 0.0010084 0.0020459 0.0035016 0.0030883 0.0032981 0.0039481 0.0015842 0.0052916 0.0020366 0.0137277 0.0018274 0.0018223 0.0018354 0.0041350 0.0026682 0.0035224 0.0006036 0.0017448 0.0014182 0.0072691 0.0101076 0.0026853 0.0004199 0.0028737 0.0014401 0.0037098 0.0032953 0.0002000 0.0055038 0.0101076 0.0059261 0.0054705 0.0039481 0.0006613 0.0002000 0.0000010 0.0075481 0.0075600 0.0030972 0.0041888 0.0051656 0.0000010 0.0032928 0.0028908 0.0022453 0.0043566 0.0010395 0.0032963 0.0043713 0.0050339 0.0047035 0.0056548 0.0014173 0.0033223 0.0050039 0.0028898 0.0024530 0.0043447 0.0077030 0.0071008 0.0068149 0.0004137 0.0199527 0.0066089 0.0000010 0.0018410 0.0037242 0.0004033 0.0037248 0.0028616 0.0004055 0.0022506 0.0039450 0.0045568 0.0014181 0.0030843 0.0010092 0.0000010 0.0022428 0.0068064 0.0063762 0.0006042 0.0018292 
Jericho_20151202_Israel_1                     0.0068713 0.0295693 0.0081979 0.0030898 0.0000000 0.0099617 0.0053686 0.0070800 0.0051708 0.0060407 0.0045689 0.0097992 0.0036063 0.0060297 0.0032269 0.0064337 0.0099263 0.0123640 0.0057891 0.0030226 0.0086585 0.0057683 0.0049772 0.0413606 0.0073423 0.0337610 0.0062286 0.0072720 0.0047477 0.0047696 0.0034104 0.0068128 0.0026296 0.0186653 0.0064876 0.0047775 0.0049738 0.0130561 0.0295693 0.0043988 0.0087377 0.0053752 0.0147768 0.0079750 0.0066997 0.0064427 0.0077614 0.0079019 0.0031154 0.0049599 0.0146353 0.0073032 0.0033906 0.0029894 0.0286424 0.0029917 0.0076333 0.0027770 0.0047477 0.0063310 0.0083576 0.0063270 0.0060129 0.0083658 0.0049610 0.1244652 0.0055829 0.0077595 0.0053577 0.0079815 0.0056130 0.0043532 0.0141896 0.0031968 0.0062512 0.0066692 0.0079818 0.0041417 0.0130656 0.0046913 0.0137118 0.0033848 0.0094448 0.0060131 0.0103333 0.0051841 0.0035069 0.0104425 0.0105755 0.0043452 0.0121213 0.0147768 0.0048979 0.0092098 0.0031933 0.0107255 0.0057832 0.0022451 0.0191356 0.0070714 0.0031926 0.0068713 0.0062606 0.0058454 0.0095628 0.0573739 0.0066292 0.0087131 0.0064510 0.0082896 0.0070582 0.0041490 0.0073555 0.0064358 0.0056069 0.0041550 0.0077898 0.0037468 0.0093439 0.0053708 0.0197312 0.0052072 0.0053562 0.0058287 0.0073044 0.0056225 0.0068641 0.0041827 0.0062770 0.0049521 0.0077595 0.0118830 0.0052307 0.0034104 0.0060329 0.0044244 0.0083907 0.0053825 0.0051683 0.0098374 0.0118830 0.0095480 0.0068855 0.0077898 0.0044398 0.0051683 0.0028343 0.0089556 0.0107255 0.0066992 0.0071496 0.0095703 0.0031998 0.0062048 0.0068993 0.0049860 0.0077331 0.0034487 0.0079597 0.0086057 0.0073202 0.0104819 0.0085634 0.0049698 0.0064832 0.0075027 0.0077619 0.0070800 0.0077333 0.0077598 0.0082789 0.0077577 0.0032663 0.0288756 0.0089043 0.0032068 0.0066651 0.0066692 0.0039857 0.0066897 0.0064337 0.0031727 0.0064295 0.0075438 0.0079019 0.0049585 0.0064581 0.0058439 0.0049610 0.0075045 0.0081850 0.0097753 0.0060343 0.0047583 
Amman_20170421_Jordan_5                       0.0088105 0.0188958 0.0096435 0.0040379 0.0099617 0.0000000 0.0064109 0.0071885 0.0079914 0.0067266 0.0061438 0.0119390 0.0044403 0.0079672 0.0034333 0.0079364 0.0066506 0.0136215 0.0119269 0.0037170 0.0064548 0.0071513 0.0064435 0.0550824 0.0094546 0.0351466 0.0076824 0.0077250 0.0076905 0.0056442 0.0049759 0.0077114 0.0029758 0.0075084 0.0080415 0.0059029 0.0061695 0.0156647 0.0188958 0.0051686 0.0058614 0.0085208 0.0083324 0.0091438 0.0096395 0.0066675 0.0134147 0.0090179 0.0027982 0.0053667 0.0190856 0.0132888 0.0036699 0.0039322 0.0394140 0.0036818 0.0089119 0.0044564 0.0076905 0.0074305 0.0109711 0.0104677 0.0090616 0.0122930 0.0058728 0.1896793 0.0079572 0.0142636 0.0079738 0.0133895 0.0066582 0.0061642 0.0187916 0.0034338 0.0080359 0.0080210 0.0088238 0.0058919 0.0182061 0.0063373 0.0078428 0.0049676 0.0130371 0.0066688 0.0121376 0.0063898 0.0034373 0.0127807 0.0091982 0.0056327 0.0119428 0.0083324 0.0063438 0.0106500 0.0036759 0.0102434 0.0091109 0.0049800 0.0242149 0.0098590 0.0044515 0.0088105 0.0093941 0.0069719 0.0077404 0.0804279 0.0072010 0.0120966 0.0069819 0.0088625 0.0066530 0.0064400 0.0064418 0.0088400 0.0063975 0.0064224 0.0058822 0.0056797 0.0114068 0.0074631 0.0213015 0.0064512 0.0074414 0.0067051 0.0082248 0.0064184 0.0096795 0.0049075 0.0070955 0.0069516 0.0142636 0.0150066 0.0083420 0.0049759 0.0061387 0.0065437 0.0053447 0.0082659 0.0056242 0.0125945 0.0150066 0.0074277 0.0116216 0.0058822 0.0047181 0.0056242 0.0027226 0.0144146 0.0102434 0.0072050 0.0109031 0.0123459 0.0036759 0.0090915 0.0072226 0.0061288 0.0095836 0.0055781 0.0080324 0.0093351 0.0105655 0.0059265 0.0106586 0.0069157 0.0086405 0.0098670 0.0097035 0.0071885 0.0095761 0.0142213 0.0147712 0.0134277 0.0029838 0.0159893 0.0085741 0.0034458 0.0091547 0.0080210 0.0051565 0.0084762 0.0079364 0.0046842 0.0069645 0.0093452 0.0090179 0.0069511 0.0058774 0.0046174 0.0058728 0.0079713 0.0130903 0.0077447 0.0056242 0.0053771 
North_Kurdufan_00000000_Sudan_1               0.0057621 0.0258693 0.0053730 0.0022400 0.0053686 0.0064109 0.0000000 0.0055512 0.0057854 0.0045543 0.0031126 0.0081133 0.0025630 0.0053432 0.0019838 0.0053329 0.0092515 0.0129640 0.0064007 0.0013840 0.0071574 0.0038914 0.0037269 0.0382845 0.0047464 0.0312588 0.0051321 0.0059679 0.0040959 0.0041325 0.0016724 0.0051540 0.0018005 0.0153550 0.0041625 0.0029229 0.0043425 0.0117641 0.0258693 0.0027375 0.0070028 0.0045187 0.0121955 0.0060108 0.0062039 0.0045234 0.0079268 0.0063685 0.0018373 0.0031051 0.0131434 0.0083142 0.0017600 0.0013679 0.0285789 0.0015675 0.0052130 0.0021600 0.0040959 0.0046938 0.0076492 0.0063495 0.0045187 0.0085924 0.0031024 0.1220087 0.0053367 0.0081426 0.0038950 0.0081461 0.0021279 0.0029194 0.0116265 0.0017665 0.0043383 0.0066566 0.0072764 0.0027124 0.0123675 0.0029934 0.0111505 0.0019570 0.0083010 0.0039105 0.0080488 0.0025183 0.0022312 0.0099194 0.0093168 0.0029103 0.0122697 0.0121955 0.0029897 0.0078301 0.0017646 0.0108799 0.0055586 0.0020201 0.0163956 0.0063789 0.0015638 0.0057621 0.0051794 0.0045685 0.0090307 0.0571815 0.0060877 0.0071124 0.0029272 0.0062636 0.0049390 0.0027223 0.0049764 0.0053451 0.0029237 0.0051394 0.0066580 0.0019484 0.0073126 0.0035098 0.0163451 0.0045615 0.0047146 0.0043426 0.0061712 0.0021335 0.0049564 0.0019395 0.0049205 0.0041172 0.0081426 0.0125156 0.0043671 0.0016724 0.0027233 0.0029696 0.0063956 0.0059993 0.0029069 0.0084380 0.0125156 0.0105926 0.0070539 0.0066580 0.0032907 0.0029069 0.0017910 0.0095554 0.0108799 0.0064458 0.0064546 0.0086313 0.0015689 0.0055429 0.0070856 0.0035153 0.0061681 0.0017873 0.0060186 0.0074452 0.0045558 0.0076907 0.0082744 0.0035079 0.0058460 0.0072568 0.0073049 0.0055512 0.0074610 0.0087772 0.0090988 0.0081408 0.0022133 0.0249272 0.0095007 0.0017719 0.0062286 0.0066566 0.0019420 0.0055691 0.0053329 0.0019488 0.0029177 0.0072890 0.0063685 0.0045391 0.0029238 0.0039366 0.0031024 0.0057750 0.0079235 0.0090659 0.0037248 0.0019228 
Warszawa_20160303_Poland_2                    0.0055569 0.0266870 0.0066359 0.0024530 0.0070800 0.0071885 0.0055512 0.0000000 0.0061707 0.0053838 0.0047539 0.0081251 0.0033651 0.0057918 0.0029976 0.0057740 0.0090189 0.0149159 0.0077077 0.0021951 0.0076388 0.0047173 0.0039563 0.0426600 0.0080056 0.0327031 0.0055713 0.0045422 0.0057527 0.0029094 0.0029605 0.0063208 0.0024228 0.0148773 0.0064792 0.0045437 0.0035174 0.0119747 0.0266870 0.0035425 0.0084449 0.0057755 0.0126515 0.0051991 0.0083481 0.0049453 0.0101830 0.0051352 0.0018423 0.0035094 0.0138959 0.0105856 0.0027639 0.0027721 0.0295988 0.0025715 0.0078158 0.0031763 0.0057527 0.0060722 0.0063854 0.0078726 0.0061951 0.0086050 0.0039090 0.1227245 0.0036974 0.0104192 0.0055522 0.0104117 0.0057899 0.0029137 0.0136781 0.0027742 0.0064265 0.0070521 0.0068487 0.0039190 0.0137802 0.0052830 0.0127859 0.0025624 0.0083424 0.0043263 0.0095991 0.0057787 0.0024401 0.0097307 0.0100569 0.0037159 0.0130303 0.0126515 0.0052765 0.0060620 0.0025682 0.0118473 0.0068201 0.0031801 0.0179926 0.0066227 0.0019703 0.0055569 0.0086311 0.0047739 0.0104083 0.0551792 0.0029554 0.0073651 0.0057894 0.0075649 0.0049535 0.0043416 0.0056092 0.0062077 0.0057952 0.0051505 0.0071121 0.0042063 0.0065019 0.0057737 0.0155412 0.0047478 0.0038992 0.0047597 0.0068429 0.0057996 0.0081642 0.0029416 0.0049192 0.0043350 0.0104192 0.0139907 0.0056352 0.0029605 0.0064108 0.0046158 0.0063955 0.0063850 0.0037115 0.0088934 0.0139907 0.0074691 0.0092602 0.0071121 0.0035215 0.0037115 0.0026119 0.0112166 0.0118473 0.0051607 0.0084312 0.0095436 0.0025734 0.0064149 0.0037308 0.0059931 0.0064099 0.0038591 0.0056248 0.0066273 0.0077427 0.0085956 0.0076579 0.0047411 0.0060494 0.0076424 0.0064725 0.0000010 0.0074801 0.0110752 0.0102736 0.0099659 0.0030313 0.0254742 0.0104399 0.0025790 0.0066624 0.0070521 0.0029440 0.0068640 0.0057740 0.0025536 0.0057703 0.0081288 0.0051352 0.0043348 0.0057956 0.0047571 0.0039090 0.0066255 0.0110722 0.0104753 0.0041407 0.0047302 
Shanghai_20160320_China_12                    0.0070549 0.0282299 0.0070958 0.0030816 0.0051708 0.0079914 0.0057854 0.0061707 0.0000000 0.0055996 0.0058067 0.0097380 0.0035751 0.0072932 0.0034198 0.0072703 0.0101084 0.0114300 0.0057888 0.0028047 0.0086137 0.0066008 0.0055965 0.0407333 0.0080363 0.0315313 0.0070639 0.0068340 0.0051547 0.0043132 0.0034055 0.0077335 0.0032514 0.0178207 0.0069004 0.0051700 0.0029112 0.0125068 0.0282299 0.0035585 0.0089574 0.0060122 0.0137435 0.0073249 0.0071037 0.0059988 0.0073271 0.0074455 0.0031054 0.0049432 0.0138976 0.0077260 0.0035810 0.0033855 0.0289774 0.0031831 0.0080641 0.0029735 0.0051547 0.0065463 0.0074649 0.0074203 0.0064280 0.0085725 0.0049443 0.1269020 0.0047049 0.0084159 0.0053513 0.0079811 0.0068700 0.0039138 0.0129236 0.0033880 0.0070897 0.0062067 0.0079447 0.0037221 0.0130780 0.0046761 0.0134107 0.0035756 0.0085742 0.0064068 0.0096175 0.0051722 0.0032787 0.0111307 0.0122048 0.0035194 0.0116546 0.0137435 0.0046703 0.0069267 0.0031790 0.0102685 0.0033148 0.0027175 0.0177781 0.0077097 0.0035904 0.0070549 0.0071004 0.0047755 0.0098040 0.0547022 0.0060899 0.0098370 0.0064506 0.0082590 0.0063308 0.0041351 0.0073300 0.0068612 0.0068545 0.0057823 0.0079815 0.0042228 0.0102455 0.0051564 0.0178540 0.0053689 0.0049101 0.0054006 0.0072870 0.0064548 0.0062326 0.0041661 0.0046967 0.0049518 0.0084159 0.0114034 0.0062931 0.0034055 0.0062316 0.0054672 0.0074664 0.0005718 0.0051509 0.0089293 0.0114034 0.0085648 0.0086028 0.0079815 0.0044255 0.0051509 0.0030348 0.0119320 0.0102685 0.0051733 0.0078034 0.0088873 0.0029811 0.0066197 0.0051564 0.0062319 0.0092489 0.0042861 0.0075239 0.0094788 0.0088398 0.0095251 0.0083145 0.0062115 0.0066852 0.0033166 0.0066904 0.0061707 0.0060081 0.0081864 0.0105303 0.0084140 0.0028303 0.0272381 0.0093393 0.0031924 0.0066748 0.0062067 0.0039687 0.0079692 0.0072703 0.0033689 0.0064291 0.0079599 0.0074455 0.0045311 0.0072980 0.0058173 0.0049443 0.0074787 0.0064731 0.0106679 0.0060137 0.0057839 
Laguna_Niguel_20170403_USA_1                  0.0066452 0.0269997 0.0062587 0.0020453 0.0060407 0.0067266 0.0045543 0.0053838 0.0055996 0.0000000 0.0041637 0.0063692 0.0029765 0.0060319 0.0015907 0.0060132 0.0088667 0.0152950 0.0075298 0.0017960 0.0091521 0.0045405 0.0031489 0.0394930 0.0071110 0.0281288 0.0058091 0.0064275 0.0047549 0.0031348 0.0025390 0.0068191 0.0020190 0.0165219 0.0052250 0.0031459 0.0037466 0.0120781 0.0269997 0.0023551 0.0085027 0.0047738 0.0127802 0.0069049 0.0068910 0.0047631 0.0091332 0.0074735 0.0014324 0.0029273 0.0123483 0.0099742 0.0015703 0.0015752 0.0255848 0.0015764 0.0076449 0.0021814 0.0047549 0.0061130 0.0071114 0.0058825 0.0056013 0.0076874 0.0033259 0.1213882 0.0051516 0.0095822 0.0041312 0.0093596 0.0047856 0.0027312 0.0106694 0.0017766 0.0054156 0.0060596 0.0070919 0.0033344 0.0097012 0.0034203 0.0122130 0.0021652 0.0095105 0.0039426 0.0059526 0.0047763 0.0016233 0.0070857 0.0100741 0.0031322 0.0140859 0.0127802 0.0034161 0.0061440 0.0015744 0.0126429 0.0062249 0.0011180 0.0152053 0.0068616 0.0021740 0.0066452 0.0067035 0.0041732 0.0102473 0.0565754 0.0068336 0.0082915 0.0043813 0.0067506 0.0058827 0.0037532 0.0052233 0.0056190 0.0052011 0.0054039 0.0073427 0.0021826 0.0089406 0.0039369 0.0148057 0.0031523 0.0045290 0.0033446 0.0068773 0.0047936 0.0066738 0.0021536 0.0031684 0.0041380 0.0095822 0.0121649 0.0050366 0.0025390 0.0054025 0.0033918 0.0058165 0.0058135 0.0031285 0.0061396 0.0121649 0.0095579 0.0077927 0.0073427 0.0028482 0.0031285 0.0018060 0.0103759 0.0126429 0.0052176 0.0071752 0.0070411 0.0015775 0.0057935 0.0060469 0.0049880 0.0075209 0.0028428 0.0045683 0.0081799 0.0069223 0.0081974 0.0081218 0.0045585 0.0037921 0.0075282 0.0056086 0.0053838 0.0068808 0.0104601 0.0089994 0.0093532 0.0028438 0.0257700 0.0111537 0.0015809 0.0049818 0.0060596 0.0023554 0.0066921 0.0060132 0.0021659 0.0043668 0.0062848 0.0074735 0.0041378 0.0052014 0.0029523 0.0033259 0.0053853 0.0100166 0.0106939 0.0039565 0.0037399 
Salfit_20151202_Israel_1                      0.0049629 0.0252996 0.0053927 0.0016231 0.0045689 0.0061438 0.0031126 0.0047539 0.0058067 0.0041637 0.0000000 0.0070370 0.0019680 0.0037101 0.0011840 0.0041021 0.0079464 0.0113548 0.0060161 0.0007871 0.0059851 0.0039052 0.0035410 0.0383012 0.0049861 0.0303499 0.0039043 0.0043183 0.0037105 0.0033382 0.0014614 0.0044817 0.0005950 0.0146307 0.0037453 0.0025302 0.0039528 0.0110769 0.0252996 0.0015545 0.0063062 0.0045349 0.0115057 0.0047550 0.0062340 0.0041354 0.0075317 0.0047131 0.0006078 0.0023238 0.0129519 0.0083558 0.0009740 0.0007801 0.0263181 0.0007807 0.0045894 0.0011713 0.0037105 0.0035958 0.0059583 0.0061343 0.0045350 0.0077092 0.0027179 0.1175072 0.0049482 0.0081834 0.0039131 0.0077507 0.0021234 0.0025332 0.0114359 0.0009776 0.0039447 0.0053854 0.0059959 0.0019332 0.0114940 0.0030042 0.0119192 0.0017660 0.0079176 0.0033252 0.0080800 0.0025131 0.0012098 0.0085937 0.0077171 0.0021296 0.0104330 0.0115057 0.0032062 0.0074293 0.0009765 0.0090808 0.0051629 0.0006654 0.0156803 0.0047258 0.0011720 0.0049629 0.0043532 0.0037569 0.0081451 0.0538245 0.0042907 0.0067236 0.0041410 0.0058677 0.0042680 0.0023362 0.0041611 0.0049559 0.0029144 0.0039363 0.0053925 0.0021760 0.0060321 0.0039268 0.0150536 0.0033476 0.0047315 0.0035455 0.0049273 0.0025219 0.0055910 0.0013584 0.0033866 0.0039238 0.0081834 0.0121135 0.0043829 0.0014614 0.0031097 0.0029799 0.0055528 0.0060214 0.0025223 0.0067220 0.0121135 0.0079456 0.0062426 0.0053925 0.0028544 0.0025223 0.0007892 0.0082244 0.0090808 0.0047639 0.0060598 0.0086317 0.0009785 0.0047414 0.0049760 0.0023178 0.0049302 0.0013879 0.0047610 0.0061756 0.0062338 0.0075056 0.0069932 0.0019219 0.0054503 0.0072841 0.0060391 0.0047539 0.0057630 0.0088216 0.0086991 0.0077456 0.0013976 0.0241051 0.0077265 0.0007829 0.0054137 0.0053854 0.0013599 0.0043321 0.0041021 0.0011645 0.0041274 0.0060061 0.0047131 0.0043448 0.0029146 0.0035474 0.0027179 0.0049559 0.0083904 0.0090458 0.0029274 0.0027194 
Encinitas_20151012_USA_1                      0.0099386 0.0313235 0.0092908 0.0042601 0.0097992 0.0119390 0.0081133 0.0081251 0.0097380 0.0063692 0.0070370 0.0000000 0.0064708 0.0087917 0.0056667 0.0085416 0.0132952 0.0174918 0.0116373 0.0050372 0.0122725 0.0080784 0.0079487 0.0413621 0.0112500 0.0325564 0.0083280 0.0092438 0.0083268 0.0074775 0.0046131 0.0096353 0.0046541 0.0194053 0.0088815 0.0070217 0.0081550 0.0127620 0.0313235 0.0057782 0.0114413 0.0083611 0.0158846 0.0084417 0.0097251 0.0072283 0.0135789 0.0099078 0.0046809 0.0059296 0.0125981 0.0142406 0.0053877 0.0051873 0.0290652 0.0051913 0.0107744 0.0065101 0.0083268 0.0093567 0.0108423 0.0066860 0.0088110 0.0071661 0.0059310 0.1233830 0.0083466 0.0136149 0.0085517 0.0138267 0.0083505 0.0065937 0.0106396 0.0054086 0.0090668 0.0104461 0.0101811 0.0072278 0.0137454 0.0062636 0.0163966 0.0056083 0.0123045 0.0069957 0.0110952 0.0083338 0.0053541 0.0104520 0.0112650 0.0070072 0.0169436 0.0158846 0.0060262 0.0094166 0.0051842 0.0154090 0.0104160 0.0017988 0.0186955 0.0101701 0.0051941 0.0099386 0.0104920 0.0053492 0.0128313 0.0589902 0.0091898 0.0112957 0.0077218 0.0112268 0.0086315 0.0076979 0.0079592 0.0097158 0.0087966 0.0094888 0.0109169 0.0032963 0.0110014 0.0079226 0.0167349 0.0072662 0.0083061 0.0076966 0.0099158 0.0083654 0.0102336 0.0055648 0.0040470 0.0081292 0.0136149 0.0172304 0.0082428 0.0046131 0.0085695 0.0078067 0.0103497 0.0099747 0.0061463 0.0096081 0.0172304 0.0123524 0.0118741 0.0109169 0.0057386 0.0061463 0.0054748 0.0134725 0.0154090 0.0093011 0.0114615 0.0060567 0.0049783 0.0094933 0.0088674 0.0081282 0.0094940 0.0057140 0.0081649 0.0101771 0.0113837 0.0119423 0.0112949 0.0070440 0.0089479 0.0113416 0.0063970 0.0081251 0.0103712 0.0147838 0.0120094 0.0135911 0.0059571 0.0305930 0.0136509 0.0052071 0.0068159 0.0104461 0.0055695 0.0099479 0.0085416 0.0058152 0.0076952 0.0099962 0.0099078 0.0081287 0.0087974 0.0077148 0.0059310 0.0083613 0.0135895 0.0143285 0.0065958 0.0076684 
Barcelona_20150501_Spain_1                    0.0041982 0.0239227 0.0048404 0.0008148 0.0036063 0.0044403 0.0025630 0.0033651 0.0035751 0.0029765 0.0019680 0.0064708 0.0000000 0.0029826 0.0003959 0.0031765 0.0072002 0.0120685 0.0063217 0.0003945 0.0044472 0.0027622 0.0021750 0.0368087 0.0039439 0.0279932 0.0029760 0.0037904 0.0025658 0.0013659 0.0010519 0.0027934 0.0006022 0.0141121 0.0036154 0.0021654 0.0019612 0.0104807 0.0239227 0.0011794 0.0046088 0.0029784 0.0107293 0.0044260 0.0048448 0.0033717 0.0076736 0.0043794 0.0004074 0.0019547 0.0116571 0.0078472 0.0005882 0.0003921 0.0244481 0.0003921 0.0046908 0.0009891 0.0025658 0.0032334 0.0058679 0.0042870 0.0033841 0.0060490 0.0019551 0.1186416 0.0025524 0.0081135 0.0027634 0.0078970 0.0027751 0.0011664 0.0115867 0.0005892 0.0033959 0.0048335 0.0044315 0.0015640 0.0106999 0.0020160 0.0101580 0.0009837 0.0082876 0.0031648 0.0072935 0.0025708 0.0004044 0.0075601 0.0065747 0.0015640 0.0102296 0.0107293 0.0022188 0.0057458 0.0003921 0.0088507 0.0037825 0.0006735 0.0151045 0.0042024 0.0009849 0.0041982 0.0038217 0.0029818 0.0068020 0.0539813 0.0034492 0.0064077 0.0033930 0.0055241 0.0027908 0.0021689 0.0040113 0.0046314 0.0029818 0.0029839 0.0038184 0.0022073 0.0068209 0.0025656 0.0147299 0.0015684 0.0017550 0.0027744 0.0042062 0.0025801 0.0038088 0.0011757 0.0029890 0.0017672 0.0081135 0.0107058 0.0028089 0.0010519 0.0029775 0.0015900 0.0046115 0.0037828 0.0021544 0.0061578 0.0107058 0.0065420 0.0052982 0.0038184 0.0021926 0.0021544 0.0005972 0.0086400 0.0088507 0.0033860 0.0051086 0.0069528 0.0003921 0.0035869 0.0033840 0.0017703 0.0044196 0.0018160 0.0044120 0.0054737 0.0055035 0.0069345 0.0056636 0.0029694 0.0042411 0.0058623 0.0050580 0.0033651 0.0056673 0.0083157 0.0084136 0.0078917 0.0003985 0.0236427 0.0070239 0.0003932 0.0044280 0.0048335 0.0009764 0.0040196 0.0031765 0.0009792 0.0033817 0.0056989 0.0043794 0.0017671 0.0029820 0.0025725 0.0019551 0.0041897 0.0081016 0.0066065 0.0027651 0.0015668 
Zerdab_19990507_Azerbaijan_1                  0.0053723 0.0267859 0.0063941 0.0030818 0.0060297 0.0079672 0.0053432 0.0057918 0.0072932 0.0060319 0.0037101 0.0087917 0.0029826 0.0000000 0.0021916 0.0011500 0.0099061 0.0130866 0.0083667 0.0015842 0.0066608 0.0029100 0.0027312 0.0427686 0.0065879 0.0322021 0.0011515 0.0037018 0.0027105 0.0047681 0.0031786 0.0010401 0.0013957 0.0161642 0.0025328 0.0043418 0.0053990 0.0132281 0.0267859 0.0039664 0.0034004 0.0031203 0.0126937 0.0047289 0.0077054 0.0059905 0.0089899 0.0045179 0.0020534 0.0045263 0.0150922 0.0093875 0.0029691 0.0025713 0.0286944 0.0025755 0.0055898 0.0019632 0.0027105 0.0008272 0.0061726 0.0080996 0.0039098 0.0092788 0.0045273 0.1181335 0.0055749 0.0092191 0.0049153 0.0092123 0.0031138 0.0035365 0.0149348 0.0027786 0.0049335 0.0077117 0.0041326 0.0045390 0.0132987 0.0048809 0.0131401 0.0023610 0.0084996 0.0053598 0.0100882 0.0039066 0.0024448 0.0094181 0.0051246 0.0043333 0.0114622 0.0126937 0.0050870 0.0094205 0.0025722 0.0105501 0.0070471 0.0017948 0.0179572 0.0035088 0.0019651 0.0053723 0.0045477 0.0056205 0.0062075 0.0555452 0.0042958 0.0073123 0.0047191 0.0086808 0.0018844 0.0049690 0.0066574 0.0047224 0.0031165 0.0049392 0.0068704 0.0041904 0.0062004 0.0049327 0.0167480 0.0043682 0.0045355 0.0049439 0.0031055 0.0039205 0.0070467 0.0039590 0.0062784 0.0045441 0.0092191 0.0109380 0.0029554 0.0031786 0.0037104 0.0038022 0.0065980 0.0075140 0.0047322 0.0084260 0.0109380 0.0090281 0.0060026 0.0068704 0.0049090 0.0047322 0.0009889 0.0073053 0.0105501 0.0062255 0.0066759 0.0102286 0.0025774 0.0041133 0.0056002 0.0033138 0.0029119 0.0009847 0.0062217 0.0043157 0.0077225 0.0092825 0.0059358 0.0045154 0.0069455 0.0087624 0.0079620 0.0057918 0.0055229 0.0098606 0.0090655 0.0092062 0.0022140 0.0258325 0.0088037 0.0021781 0.0077547 0.0077117 0.0035620 0.0021281 0.0011500 0.0015585 0.0047037 0.0057751 0.0045179 0.0049722 0.0031167 0.0053962 0.0045273 0.0068348 0.0098582 0.0079655 0.0051566 0.0045298 
Gava_20131101_Spain_1                         0.0032031 0.0221248 0.0040503 0.0000010 0.0032269 0.0034333 0.0019838 0.0029976 0.0034198 0.0015907 0.0011840 0.0056667 0.0003959 0.0021916 0.0000000 0.0023872 0.0061826 0.0117188 0.0053161 0.0000010 0.0044791 0.0017756 0.0015863 0.0368378 0.0037294 0.0265793 0.0023872 0.0027967 0.0017817 0.0011838 0.0006315 0.0023593 0.0000010 0.0119646 0.0022048 0.0005889 0.0015860 0.0101453 0.0221248 0.0003939 0.0041619 0.0023944 0.0086790 0.0040545 0.0042600 0.0021855 0.0064338 0.0042244 0.0000010 0.0005864 0.0105752 0.0070514 0.0000010 0.0000010 0.0237142 0.0000010 0.0038872 0.0003959 0.0017817 0.0021400 0.0046762 0.0039164 0.0032117 0.0058919 0.0007833 0.1175757 0.0025849 0.0073129 0.0019817 0.0066549 0.0015855 0.0005885 0.0107309 0.0001959 0.0026042 0.0038492 0.0032219 0.0005875 0.0091859 0.0014182 0.0083326 0.0001971 0.0072612 0.0015795 0.0056199 0.0017861 0.0000010 0.0070006 0.0061223 0.0005875 0.0100780 0.0086790 0.0014193 0.0053966 0.0000010 0.0089181 0.0036234 0.0004514 0.0142584 0.0038185 0.0001976 0.0032031 0.0030266 0.0021968 0.0062075 0.0528207 0.0030275 0.0047348 0.0024040 0.0042987 0.0017072 0.0009862 0.0028134 0.0038370 0.0019895 0.0023944 0.0038487 0.0011078 0.0057961 0.0017832 0.0139650 0.0011854 0.0017793 0.0019927 0.0032092 0.0017926 0.0038424 0.0001964 0.0025874 0.0011848 0.0073129 0.0098760 0.0022179 0.0006315 0.0021909 0.0009971 0.0034131 0.0036298 0.0007833 0.0055756 0.0098760 0.0061945 0.0047033 0.0038487 0.0015302 0.0007833 0.0000010 0.0071407 0.0089181 0.0030191 0.0036644 0.0059200 0.0000010 0.0032088 0.0030183 0.0011855 0.0036209 0.0010082 0.0034246 0.0046792 0.0042734 0.0047895 0.0050820 0.0017826 0.0030326 0.0053074 0.0040570 0.0029976 0.0040384 0.0075165 0.0069242 0.0066506 0.0004026 0.0208861 0.0070955 0.0000010 0.0034345 0.0038492 0.0001964 0.0030059 0.0023872 0.0001969 0.0023960 0.0034388 0.0042244 0.0011848 0.0019912 0.0009880 0.0007833 0.0029979 0.0073040 0.0062305 0.0011810 0.0011827 
Zerdab_20020517_Azerbaijan_1                  0.0057980 0.0266704 0.0076987 0.0028616 0.0064337 0.0079364 0.0053329 0.0057740 0.0072703 0.0060132 0.0041021 0.0085416 0.0031765 0.0011500 0.0023872 0.0000000 0.0098740 0.0140818 0.0083401 0.0015820 0.0076080 0.0029014 0.0031328 0.0422698 0.0061351 0.0323761 0.0000010 0.0045123 0.0035093 0.0047536 0.0029510 0.0010416 0.0015952 0.0161045 0.0029362 0.0043287 0.0053825 0.0129559 0.0266704 0.0037494 0.0034053 0.0031245 0.0126494 0.0055743 0.0083607 0.0059721 0.0099115 0.0049124 0.0014253 0.0045127 0.0151162 0.0103118 0.0031622 0.0027649 0.0282550 0.0027694 0.0064552 0.0025618 0.0035093 0.0016667 0.0065728 0.0078526 0.0039278 0.0088076 0.0045136 0.1198707 0.0059750 0.0105960 0.0057418 0.0101381 0.0031079 0.0039309 0.0146775 0.0029724 0.0057887 0.0081195 0.0049544 0.0049354 0.0135440 0.0050771 0.0130934 0.0027595 0.0094074 0.0053435 0.0098377 0.0038950 0.0026444 0.0101401 0.0044911 0.0047289 0.0124280 0.0126494 0.0052830 0.0085056 0.0027658 0.0114992 0.0070251 0.0013360 0.0184106 0.0043186 0.0023624 0.0057980 0.0053763 0.0058117 0.0066322 0.0548085 0.0047271 0.0082114 0.0059799 0.0086528 0.0018871 0.0053684 0.0066366 0.0055666 0.0031106 0.0057698 0.0072766 0.0039634 0.0070738 0.0049394 0.0175225 0.0043549 0.0049317 0.0057945 0.0035063 0.0039130 0.0079076 0.0039470 0.0058032 0.0043313 0.0105960 0.0114016 0.0029593 0.0029510 0.0037033 0.0037906 0.0065776 0.0074903 0.0047179 0.0088699 0.0114016 0.0089991 0.0073040 0.0072766 0.0046596 0.0047179 0.0011867 0.0084250 0.0114992 0.0066291 0.0071068 0.0097472 0.0027714 0.0053614 0.0055830 0.0029087 0.0037143 0.0015867 0.0062025 0.0047251 0.0081311 0.0092518 0.0067744 0.0041012 0.0071377 0.0096456 0.0079367 0.0057740 0.0059585 0.0107962 0.0102246 0.0105812 0.0022066 0.0257226 0.0092470 0.0021706 0.0077301 0.0081195 0.0035513 0.0025242 0.0000010 0.0019517 0.0059601 0.0066180 0.0049124 0.0047565 0.0031108 0.0053796 0.0045136 0.0068135 0.0107934 0.0079402 0.0051409 0.0041141 
Lodz_20160303_Poland_4                        0.0101506 0.0306807 0.0119930 0.0056782 0.0099263 0.0066506 0.0092515 0.0090189 0.0101084 0.0088667 0.0079464 0.0132952 0.0072002 0.0099061 0.0061826 0.0098740 0.0000000 0.0108341 0.0096792 0.0051228 0.0048121 0.0101126 0.0082004 0.0449155 0.0115098 0.0342325 0.0098874 0.0081068 0.0099213 0.0083691 0.0067796 0.0098584 0.0028225 0.0186242 0.0083832 0.0070513 0.0081623 0.0150476 0.0306807 0.0077825 0.0083989 0.0108401 0.0159719 0.0092567 0.0120344 0.0088461 0.0132239 0.0096115 0.0037451 0.0077278 0.0185486 0.0131419 0.0059022 0.0057048 0.0335234 0.0059231 0.0100763 0.0067883 0.0099213 0.0098420 0.0100592 0.0112096 0.0108552 0.0132171 0.0077206 0.1319158 0.0100789 0.0134558 0.0096660 0.0134645 0.0077240 0.0088116 0.0177747 0.0057156 0.0106759 0.0070310 0.0108073 0.0077165 0.0175897 0.0099799 0.0156068 0.0076249 0.0126422 0.0079594 0.0133302 0.0085791 0.0058963 0.0130285 0.0088626 0.0079312 0.0088361 0.0159719 0.0101975 0.0103090 0.0061313 0.0092631 0.0115238 0.0048275 0.0206298 0.0091869 0.0069942 0.0101506 0.0088444 0.0081489 0.0083823 0.0590455 0.0089102 0.0107572 0.0108944 0.0116520 0.0093662 0.0077200 0.0093400 0.0099281 0.0090341 0.0092991 0.0074729 0.0087670 0.0102109 0.0090239 0.0185122 0.0073083 0.0098713 0.0099930 0.0096860 0.0081448 0.0099693 0.0069251 0.0088057 0.0092487 0.0134558 0.0164210 0.0107502 0.0067796 0.0092414 0.0074120 0.0085580 0.0103399 0.0075134 0.0138039 0.0164210 0.0066004 0.0117832 0.0074729 0.0063162 0.0075134 0.0047126 0.0118496 0.0092631 0.0099040 0.0119031 0.0132767 0.0061440 0.0105936 0.0079142 0.0074996 0.0094380 0.0075597 0.0090143 0.0099053 0.0125502 0.0121666 0.0104878 0.0088101 0.0109227 0.0116883 0.0106761 0.0090189 0.0105151 0.0136597 0.0137914 0.0134546 0.0038588 0.0275705 0.0079237 0.0057275 0.0092584 0.0070310 0.0073805 0.0092710 0.0098740 0.0071684 0.0108568 0.0085284 0.0096115 0.0094675 0.0088121 0.0086283 0.0077206 0.0099107 0.0136732 0.0075160 0.0075410 0.0083892 
Shanghai_20160320_China_18                    0.0136570 0.0391448 0.0129395 0.0105979 0.0123640 0.0136215 0.0129640 0.0149159 0.0114300 0.0152950 0.0113548 0.0174918 0.0120685 0.0130866 0.0117188 0.0140818 0.0108341 0.0000000 0.0088667 0.0098652 0.0095866 0.0143453 0.0139650 0.0507046 0.0132786 0.0410082 0.0138603 0.0138121 0.0122217 0.0147429 0.0110153 0.0138861 0.0078243 0.0249893 0.0127211 0.0122547 0.0140241 0.0196029 0.0391448 0.0124010 0.0118249 0.0134475 0.0225212 0.0124138 0.0140031 0.0137547 0.0081172 0.0133974 0.0087006 0.0125459 0.0222698 0.0079156 0.0111213 0.0106843 0.0377351 0.0106950 0.0113710 0.0108400 0.0122217 0.0133504 0.0119430 0.0157768 0.0112673 0.0168645 0.0125336 0.1401891 0.0156585 0.0097166 0.0138505 0.0074806 0.0127213 0.0137634 0.0196199 0.0104755 0.0124139 0.0130157 0.0153414 0.0120585 0.0224957 0.0133842 0.0216548 0.0120233 0.0094369 0.0132647 0.0189513 0.0117678 0.0115249 0.0175116 0.0121681 0.0122884 0.0045225 0.0225212 0.0136105 0.0165500 0.0109160 0.0045153 0.0120552 0.0093754 0.0244401 0.0124374 0.0108750 0.0136570 0.0119663 0.0124151 0.0111119 0.0641978 0.0135632 0.0120437 0.0131483 0.0158733 0.0144495 0.0111146 0.0143346 0.0112815 0.0131752 0.0125082 0.0111440 0.0097510 0.0100785 0.0133800 0.0237000 0.0137861 0.0153557 0.0130039 0.0133898 0.0121897 0.0129562 0.0112373 0.0121470 0.0149036 0.0097166 0.0165831 0.0138485 0.0110153 0.0125032 0.0127731 0.0153167 0.0111822 0.0123148 0.0178309 0.0165831 0.0104068 0.0089956 0.0111440 0.0119428 0.0123148 0.0096485 0.0127500 0.0045153 0.0157399 0.0128084 0.0167324 0.0107057 0.0128709 0.0139844 0.0120093 0.0131023 0.0095561 0.0144742 0.0130873 0.0144490 0.0175205 0.0154385 0.0127485 0.0171718 0.0093079 0.0153831 0.0149159 0.0094360 0.0081602 0.0137526 0.0083583 0.0087715 0.0350163 0.0075533 0.0107291 0.0141128 0.0130157 0.0119809 0.0134335 0.0140818 0.0119532 0.0131026 0.0133382 0.0133974 0.0149230 0.0138962 0.0144795 0.0125336 0.0152047 0.0057939 0.0120249 0.0128171 0.0129779 
Shanghai_20160320_China_9                     0.0074803 0.0309468 0.0086070 0.0047969 0.0057891 0.0119269 0.0064007 0.0077077 0.0057888 0.0075298 0.0060161 0.0116373 0.0063217 0.0083667 0.0053161 0.0083401 0.0096792 0.0088667 0.0000000 0.0044824 0.0095891 0.0072364 0.0070702 0.0409395 0.0079822 0.0332854 0.0081315 0.0081041 0.0057777 0.0070698 0.0051931 0.0093834 0.0045149 0.0183232 0.0079551 0.0057884 0.0064339 0.0143544 0.0309468 0.0058371 0.0113899 0.0066386 0.0159399 0.0085915 0.0086465 0.0075033 0.0053809 0.0076674 0.0043936 0.0060012 0.0152014 0.0049593 0.0048394 0.0044319 0.0302435 0.0044362 0.0078166 0.0044103 0.0057777 0.0084125 0.0064006 0.0094327 0.0062152 0.0101863 0.0059957 0.1297365 0.0079035 0.0043510 0.0072274 0.0051741 0.0070747 0.0062132 0.0132466 0.0046460 0.0079431 0.0068674 0.0103909 0.0051643 0.0152881 0.0074852 0.0147987 0.0050208 0.0045147 0.0066470 0.0111998 0.0062113 0.0052240 0.0116135 0.0129105 0.0053707 0.0095173 0.0159399 0.0074760 0.0085257 0.0046409 0.0081859 0.0055555 0.0034103 0.0185117 0.0072596 0.0046266 0.0074803 0.0081643 0.0066759 0.0113337 0.0551459 0.0080288 0.0064711 0.0083726 0.0086930 0.0094131 0.0043336 0.0080086 0.0057818 0.0079193 0.0068452 0.0095380 0.0042162 0.0072994 0.0072451 0.0181207 0.0068636 0.0076611 0.0073282 0.0090391 0.0070629 0.0079114 0.0047946 0.0058293 0.0072475 0.0043510 0.0102318 0.0069287 0.0051931 0.0081452 0.0058778 0.0103659 0.0055724 0.0057926 0.0112209 0.0102318 0.0101865 0.0066187 0.0095380 0.0058354 0.0057926 0.0049264 0.0102509 0.0081859 0.0088706 0.0075486 0.0107050 0.0046504 0.0076689 0.0077459 0.0072813 0.0083466 0.0051228 0.0081749 0.0083385 0.0085781 0.0116402 0.0091673 0.0068465 0.0091283 0.0068423 0.0088876 0.0077077 0.0066418 0.0053906 0.0093386 0.0060194 0.0055990 0.0293458 0.0093061 0.0044493 0.0077427 0.0068674 0.0052279 0.0081863 0.0083401 0.0052257 0.0083443 0.0085960 0.0076674 0.0072567 0.0083721 0.0072991 0.0059957 0.0085807 0.0057906 0.0121897 0.0066704 0.0068300 
Modfice_20151201_Czech_Republic_1             0.0024011 0.0222424 0.0036410 0.0000010 0.0030226 0.0037170 0.0013840 0.0021951 0.0028047 0.0017960 0.0007871 0.0050372 0.0003945 0.0015842 0.0000010 0.0015820 0.0051228 0.0098652 0.0044824 0.0000000 0.0031119 0.0019809 0.0009844 0.0369371 0.0033015 0.0263442 0.0015820 0.0015829 0.0019831 0.0009850 0.0004210 0.0014989 0.0000010 0.0115893 0.0015879 0.0009878 0.0011853 0.0085005 0.0222424 0.0007920 0.0035009 0.0019887 0.0087463 0.0017904 0.0042730 0.0019957 0.0062237 0.0021769 0.0000010 0.0005898 0.0101406 0.0068413 0.0000010 0.0000010 0.0238612 0.0000010 0.0034592 0.0003939 0.0019831 0.0017148 0.0036353 0.0034919 0.0023924 0.0048126 0.0007880 0.1145806 0.0023824 0.0068782 0.0013800 0.0064443 0.0009855 0.0003917 0.0097382 0.0001965 0.0028099 0.0034271 0.0026048 0.0009860 0.0098996 0.0014206 0.0091229 0.0001969 0.0064119 0.0015884 0.0060905 0.0011839 0.0000010 0.0061167 0.0050776 0.0009860 0.0087195 0.0087463 0.0014217 0.0043299 0.0000010 0.0077968 0.0032087 0.0002228 0.0133005 0.0021825 0.0001968 0.0024011 0.0023992 0.0011930 0.0049169 0.0501510 0.0019463 0.0045313 0.0022002 0.0045289 0.0008534 0.0013903 0.0022061 0.0030173 0.0011873 0.0030143 0.0036391 0.0011016 0.0040885 0.0011828 0.0124458 0.0009868 0.0015792 0.0017946 0.0019845 0.0009884 0.0032196 0.0003942 0.0014991 0.0009841 0.0068782 0.0098770 0.0018085 0.0004210 0.0011846 0.0009986 0.0030069 0.0030123 0.0007880 0.0053753 0.0098770 0.0055627 0.0051313 0.0036391 0.0013233 0.0007880 0.0000010 0.0062551 0.0077968 0.0028057 0.0038802 0.0054877 0.0000010 0.0027964 0.0019947 0.0007875 0.0025955 0.0008037 0.0019960 0.0034233 0.0044933 0.0054849 0.0036217 0.0013854 0.0032519 0.0046754 0.0034417 0.0021951 0.0036269 0.0073048 0.0067116 0.0064401 0.0003991 0.0213225 0.0051433 0.0000010 0.0030324 0.0034271 0.0003927 0.0021966 0.0015820 0.0001963 0.0021929 0.0036481 0.0021769 0.0011848 0.0011874 0.0015973 0.0007880 0.0028023 0.0064324 0.0053561 0.0011890 0.0007876 
