188
Waianae_20161212_USA_1                        0.0000000 0.0535819 0.0535819 0.0507669 0.0524216 0.0485583 0.0524216 0.0048279 0.0048279 0.0523483 0.0211027 0.0206165 0.0054324 0.0106686 0.0236307 0.0136561 0.0136561 0.0141206 0.0096434 0.0315710 0.0164423 0.0109705 0.0118712 0.0118384 0.0114352 0.0100825 0.0101189 0.0096455 0.0070456 0.0125238 0.0096508 0.0244085 0.0057483 0.0057483 0.0087590 0.0119000 0.0103575 0.0162884 0.0101441 0.0173139 0.0057483 0.0057483 0.0061718 0.0062224 0.0234007 0.0135114 0.0051589 0.0054037 0.0170437 0.0250915 0.0250915 0.0285870 0.0175135 0.0200164 0.0241253 0.0241253 0.0283720 0.0283720 0.0268320 0.0204176 0.0159178 0.0119365 0.0231516 0.0077194 0.0282399 0.0162279 0.0188233 0.0198088 0.0189501 0.0174885 0.0184444 0.0188982 0.0156029 0.0150654 0.0064453 0.0151074 0.0079361 0.0110637 0.0100924 0.0096250 0.0114661 0.0123295 0.0109798 0.0118692 0.0123452 0.0146248 0.0141057 0.0126952 0.0214949 0.0193457 0.0127642 0.0108915 0.0154566 0.0118791 0.0104334 0.0118295 0.0118456 0.0118295 0.0104269 0.0113841 0.0118511 0.0064052 0.0188022 0.0150300 0.0150300 0.0171669 0.0123252 0.0076133 0.0141605 0.0127258 0.0127258 0.0109878 0.0128490 0.0096884 0.0129096 0.0120353 0.0100321 0.0127315 0.0117959 0.0105235 0.0100646 0.0083314 0.0106597 0.0066801 0.0066320 0.0074663 0.0087677 0.0078672 0.0078672 0.0087490 0.0074709 0.0096367 0.0128409 0.0135097 0.0119583 0.0140952 0.0132384 0.0067224 0.0063612 0.0059257 0.0065727 0.0056353 0.0042125 0.0041223 0.0062429 0.0053944 0.0054130 0.0054195 0.0058355 0.0058355 0.0062654 0.0067234 0.0101194 0.0146481 0.0146481 0.0145415 0.0145415 0.0067025 0.0128643 0.0110795 0.0160398 0.0123273 0.0105302 0.0152521 0.0146422 0.0104940 0.0088037 0.0097367 0.0139037 0.0096531 0.0142632 0.0100597 0.0131822 0.0136827 0.0084671 0.0119500 0.0148490 0.0096572 0.0110470 0.0155567 0.0155049 0.0100622 0.0100622 0.0131831 0.0114097 0.0096239 0.0124596 0.0124698 
Carlsbad_20160901_USA_1                       0.0535819 0.0000000 0.0000010 0.1153791 0.1164507 0.1139635 0.1164507 0.0415265 0.0415265 0.0333820 0.0727008 0.0752739 0.0492558 0.0500343 0.0740615 0.0593684 0.0593684 0.0605625 0.0509381 0.0969154 0.0648633 0.0575456 0.0589521 0.0570265 0.0555797 0.0558966 0.0561398 0.0511197 0.0508697 0.0597799 0.0488695 0.0887507 0.0472677 0.0472677 0.0518026 0.0576584 0.0592420 0.0656953 0.0542754 0.0683865 0.0466563 0.0466563 0.0478866 0.0492300 0.0864241 0.0403568 0.0427348 0.0394275 0.0573948 0.0742385 0.0742385 0.0395398 0.0642557 0.0675300 0.0361726 0.0361726 0.0746332 0.0746332 0.0462878 0.0654977 0.0398359 0.0576442 0.0718724 0.0502662 0.0812501 0.0628951 0.0707209 0.0724376 0.0705770 0.0682697 0.0697443 0.0701450 0.0651176 0.0576855 0.0490988 0.0573944 0.0467868 0.0589659 0.0555706 0.0542414 0.0578385 0.0568713 0.0536741 0.0561709 0.0563088 0.0604938 0.0605653 0.0611722 0.0669933 0.0655597 0.0594146 0.0539153 0.0493808 0.0556189 0.0435588 0.0552981 0.0546652 0.0552981 0.0448462 0.0456350 0.0562619 0.0463548 0.0679905 0.0590586 0.0590586 0.0639895 0.0607742 0.0514643 0.0619560 0.0560323 0.0560323 0.0579459 0.0572596 0.0500019 0.0469467 0.0742351 0.0573759 0.0622411 0.0587854 0.0560972 0.0551958 0.0570992 0.0617922 0.0488466 0.0497016 0.0498752 0.0532697 0.0536160 0.0529755 0.0531587 0.0513109 0.0539466 0.0608335 0.0601374 0.0597481 0.0600860 0.0586645 0.0498815 0.0467551 0.0473363 0.0547689 0.0487420 0.0434144 0.0464918 0.0483471 0.0465876 0.0466763 0.0480493 0.0485546 0.0479771 0.0486067 0.0502217 0.0555268 0.0621774 0.0621774 0.0625179 0.0625179 0.0503791 0.0597962 0.0555239 0.0747510 0.0606078 0.0541500 0.0636687 0.0626594 0.0576946 0.0544919 0.0622370 0.0643661 0.0518400 0.0634828 0.0565356 0.0611819 0.0617831 0.0523983 0.0614343 0.0661618 0.0537309 0.0584837 0.0672748 0.0661179 0.0561874 0.0561874 0.0597593 0.0570335 0.0562149 0.0628952 0.0490126 
Carlsbad_20150901_USA_1                       0.0535819 0.0000010 0.0000000 0.1153791 0.1164507 0.1139635 0.1164507 0.0415265 0.0415265 0.0333820 0.0727008 0.0752739 0.0492558 0.0500343 0.0740615 0.0593684 0.0593684 0.0605625 0.0509381 0.0969154 0.0648633 0.0575456 0.0589521 0.0570265 0.0555797 0.0558966 0.0561398 0.0511197 0.0508697 0.0597799 0.0488695 0.0887507 0.0472677 0.0472677 0.0518026 0.0576584 0.0592420 0.0656953 0.0542754 0.0683865 0.0466563 0.0466563 0.0478866 0.0492300 0.0864241 0.0403568 0.0427348 0.0394275 0.0573948 0.0742385 0.0742385 0.0395398 0.0642557 0.0675300 0.0361726 0.0361726 0.0746332 0.0746332 0.0462878 0.0654977 0.0398359 0.0576442 0.0718724 0.0502662 0.0812501 0.0628951 0.0707209 0.0724376 0.0705770 0.0682697 0.0697443 0.0701450 0.0651176 0.0576855 0.0490988 0.0573944 0.0467868 0.0589659 0.0555706 0.0542414 0.0578385 0.0568713 0.0536741 0.0561709 0.0563088 0.0604938 0.0605653 0.0611722 0.0669933 0.0655597 0.0594146 0.0539153 0.0493808 0.0556189 0.0435588 0.0552981 0.0546652 0.0552981 0.0448462 0.0456350 0.0562619 0.0463548 0.0679905 0.0590586 0.0590586 0.0639895 0.0607742 0.0514643 0.0619560 0.0560323 0.0560323 0.0579459 0.0572596 0.0500019 0.0469467 0.0742351 0.0573759 0.0622411 0.0587854 0.0560972 0.0551958 0.0570992 0.0617922 0.0488466 0.0497016 0.0498752 0.0532697 0.0536160 0.0529755 0.0531587 0.0513109 0.0539466 0.0608335 0.0601374 0.0597481 0.0600860 0.0586645 0.0498815 0.0467551 0.0473363 0.0547689 0.0487420 0.0434144 0.0464918 0.0483471 0.0465876 0.0466763 0.0480493 0.0485546 0.0479771 0.0486067 0.0502217 0.0555268 0.0621774 0.0621774 0.0625179 0.0625179 0.0503791 0.0597962 0.0555239 0.0747510 0.0606078 0.0541500 0.0636687 0.0626594 0.0576946 0.0544919 0.0622370 0.0643661 0.0518400 0.0634828 0.0565356 0.0611819 0.0617831 0.0523983 0.0614343 0.0661618 0.0537309 0.0584837 0.0672748 0.0661179 0.0561874 0.0561874 0.0597593 0.0570335 0.0562149 0.0628952 0.0490126 
Tampere_20151120_Finland_9                    0.0507669 0.1153791 0.1153791 0.0000000 0.0049725 0.0053491 0.0049725 0.0384627 0.0384627 0.1134385 0.0456375 0.0467340 0.0425543 0.0533217 0.0612606 0.0507215 0.0507215 0.0492363 0.0484990 0.0740911 0.0489874 0.0473369 0.0485616 0.0488857 0.0485362 0.0460806 0.0462652 0.0468900 0.0435059 0.0514839 0.0506833 0.0670880 0.0444224 0.0444224 0.0466220 0.0512164 0.0427014 0.0541808 0.0458120 0.0529075 0.0449304 0.0449304 0.0449967 0.0437603 0.0745871 0.0519062 0.0379696 0.0398262 0.0461867 0.0389366 0.0389366 0.0790669 0.0524526 0.0459593 0.0712852 0.0712852 0.0341349 0.0341349 0.0753680 0.0537425 0.0561777 0.0456186 0.0446042 0.0384344 0.0507856 0.0533863 0.0471327 0.0479653 0.0471271 0.0453157 0.0453157 0.0459548 0.0419512 0.0518295 0.0374541 0.0509174 0.0472495 0.0451325 0.0475011 0.0460452 0.0466707 0.0479244 0.0457859 0.0481651 0.0487493 0.0462783 0.0479151 0.0470311 0.0539129 0.0487067 0.0499382 0.0445545 0.0492073 0.0475929 0.0512715 0.0466371 0.0461086 0.0466371 0.0483659 0.0497368 0.0480459 0.0375859 0.0509650 0.0496098 0.0496098 0.0465774 0.0453195 0.0411181 0.0541463 0.0469390 0.0469390 0.0488186 0.0501631 0.0476356 0.0512505 0.0476529 0.0467840 0.0502843 0.0483011 0.0460738 0.0460755 0.0478319 0.0423550 0.0396096 0.0424998 0.0445891 0.0433079 0.0463600 0.0457783 0.0431195 0.0427729 0.0483376 0.0497738 0.0487756 0.0511452 0.0499084 0.0495083 0.0403711 0.0383472 0.0392048 0.0352416 0.0379722 0.0415878 0.0398857 0.0416778 0.0407160 0.0394572 0.0400538 0.0405197 0.0399983 0.0394930 0.0393642 0.0450778 0.0492026 0.0492026 0.0469824 0.0469824 0.0406973 0.0455353 0.0498354 0.0597585 0.0455805 0.0478048 0.0481396 0.0482154 0.0480980 0.0431305 0.0383199 0.0421189 0.0451767 0.0574635 0.0470318 0.0467992 0.0482222 0.0417058 0.0509668 0.0582724 0.0469532 0.0489144 0.0430749 0.0528963 0.0477228 0.0477228 0.0489234 0.0490746 0.0455681 0.0407264 0.0477484 
Tampere_20151120_Finland_2                    0.0524216 0.1164507 0.1164507 0.0049725 0.0000000 0.0000010 0.0000010 0.0406825 0.0406825 0.1137331 0.0494234 0.0470536 0.0435584 0.0549042 0.0641482 0.0545829 0.0545829 0.0507599 0.0500305 0.0757910 0.0505028 0.0488475 0.0500790 0.0516363 0.0500574 0.0475849 0.0477751 0.0484054 0.0450058 0.0530503 0.0498815 0.0688284 0.0459205 0.0459205 0.0475457 0.0527712 0.0442725 0.0557426 0.0473210 0.0544595 0.0464290 0.0464290 0.0464974 0.0452690 0.0762686 0.0561958 0.0401018 0.0414793 0.0500338 0.0338845 0.0338845 0.0824376 0.0563806 0.0497756 0.0745074 0.0745074 0.0273135 0.0273135 0.0778720 0.0576909 0.0591515 0.0471220 0.0483924 0.0411099 0.0534462 0.0549584 0.0486359 0.0494802 0.0474447 0.0456385 0.0456385 0.0462757 0.0434122 0.0546135 0.0401243 0.0512246 0.0487762 0.0483327 0.0501196 0.0475469 0.0492674 0.0517506 0.0495908 0.0520100 0.0526071 0.0488520 0.0482319 0.0473487 0.0579188 0.0526843 0.0538132 0.0472133 0.0534540 0.0514340 0.0555584 0.0504337 0.0499001 0.0504337 0.0525833 0.0539833 0.0518871 0.0402661 0.0512695 0.0534189 0.0534189 0.0480798 0.0468129 0.0437851 0.0580514 0.0484369 0.0484369 0.0526422 0.0529034 0.0491565 0.0555310 0.0507376 0.0482775 0.0518116 0.0498099 0.0475759 0.0475784 0.0493423 0.0439695 0.0416733 0.0439991 0.0460933 0.0448016 0.0478737 0.0472894 0.0446060 0.0442644 0.0498659 0.0524052 0.0503158 0.0539154 0.0537473 0.0533559 0.0418621 0.0410142 0.0418672 0.0387217 0.0406782 0.0437332 0.0425630 0.0437525 0.0427903 0.0421042 0.0421168 0.0425822 0.0420584 0.0415515 0.0425120 0.0477615 0.0507274 0.0507274 0.0473003 0.0473003 0.0421814 0.0493152 0.0513765 0.0613371 0.0481709 0.0493311 0.0507944 0.0485291 0.0496025 0.0468586 0.0399216 0.0424481 0.0477743 0.0590561 0.0485329 0.0494047 0.0508505 0.0449593 0.0525105 0.0598710 0.0495675 0.0504427 0.0456308 0.0555871 0.0492315 0.0492315 0.0504375 0.0505924 0.0481572 0.0432508 0.0506169 
Tampere_20151120_Finland_3                    0.0485583 0.1139635 0.1139635 0.0053491 0.0000010 0.0000000 0.0000010 0.0381630 0.0381630 0.1111182 0.0436573 0.0405574 0.0388773 0.0504738 0.0543548 0.0491668 0.0491668 0.0463601 0.0449166 0.0652394 0.0461837 0.0438763 0.0451341 0.0449664 0.0429840 0.0425227 0.0427006 0.0432857 0.0409061 0.0455789 0.0453996 0.0668939 0.0413786 0.0413786 0.0424652 0.0433366 0.0443647 0.0452567 0.0432750 0.0428056 0.0419063 0.0419063 0.0419708 0.0406667 0.0627063 0.0498829 0.0360956 0.0383579 0.0455468 0.0280713 0.0280713 0.0786185 0.0521013 0.0443980 0.0704830 0.0704830 0.0214588 0.0214588 0.0739541 0.0532225 0.0547337 0.0426354 0.0433879 0.0354928 0.0474995 0.0505612 0.0428986 0.0437265 0.0417564 0.0406139 0.0406139 0.0406810 0.0383397 0.0502791 0.0356503 0.0468225 0.0442621 0.0426850 0.0451022 0.0419029 0.0436624 0.0461859 0.0439578 0.0464289 0.0470346 0.0439333 0.0432165 0.0428929 0.0522696 0.0484660 0.0489293 0.0427407 0.0479823 0.0464809 0.0501413 0.0460574 0.0455041 0.0460574 0.0478043 0.0485392 0.0475212 0.0358700 0.0463678 0.0480197 0.0480197 0.0436122 0.0418187 0.0383638 0.0525310 0.0439974 0.0439974 0.0483331 0.0485601 0.0446755 0.0491629 0.0496029 0.0432798 0.0475445 0.0452210 0.0430886 0.0430888 0.0441807 0.0439695 0.0375851 0.0393743 0.0415393 0.0402503 0.0433863 0.0427860 0.0400694 0.0396977 0.0447862 0.0481183 0.0421321 0.0476085 0.0489334 0.0484423 0.0377621 0.0365866 0.0369898 0.0387217 0.0373158 0.0395266 0.0384233 0.0396917 0.0386847 0.0379906 0.0380028 0.0384913 0.0379476 0.0374201 0.0390171 0.0432633 0.0451802 0.0451802 0.0428426 0.0428426 0.0381149 0.0448998 0.0448120 0.0519376 0.0425344 0.0436946 0.0449974 0.0428001 0.0446826 0.0423660 0.0399216 0.0378847 0.0432931 0.0499328 0.0434951 0.0449813 0.0442839 0.0399462 0.0462497 0.0530906 0.0445109 0.0447168 0.0405477 0.0462891 0.0448149 0.0448149 0.0454287 0.0442539 0.0430912 0.0381642 0.0442990 
Tampere_20151120_Finland_5                    0.0524216 0.1164507 0.1164507 0.0049725 0.0000010 0.0000010 0.0000000 0.0406825 0.0406825 0.1137331 0.0494234 0.0470536 0.0435584 0.0549042 0.0641482 0.0545829 0.0545829 0.0507599 0.0500305 0.0757910 0.0505028 0.0488475 0.0500790 0.0516363 0.0500574 0.0475849 0.0477751 0.0484054 0.0450058 0.0530503 0.0498815 0.0688284 0.0459205 0.0459205 0.0475457 0.0527712 0.0442725 0.0557426 0.0473210 0.0544595 0.0464290 0.0464290 0.0464974 0.0452690 0.0762686 0.0561958 0.0401018 0.0414793 0.0500338 0.0338845 0.0338845 0.0824376 0.0563806 0.0497756 0.0745074 0.0745074 0.0273135 0.0273135 0.0778720 0.0576909 0.0591515 0.0471220 0.0483924 0.0411099 0.0534462 0.0549584 0.0486359 0.0494802 0.0474447 0.0456385 0.0456385 0.0462757 0.0434122 0.0546135 0.0401243 0.0512246 0.0487762 0.0483327 0.0501196 0.0475469 0.0492674 0.0517506 0.0495908 0.0520100 0.0526071 0.0488520 0.0482319 0.0473487 0.0579188 0.0526843 0.0538132 0.0472133 0.0534540 0.0514340 0.0555584 0.0504337 0.0499001 0.0504337 0.0525833 0.0539833 0.0518871 0.0402661 0.0512695 0.0534189 0.0534189 0.0480798 0.0468129 0.0437851 0.0580514 0.0484369 0.0484369 0.0526422 0.0529034 0.0491565 0.0555310 0.0507376 0.0482775 0.0518116 0.0498099 0.0475759 0.0475784 0.0493423 0.0439695 0.0416733 0.0439991 0.0460933 0.0448016 0.0478737 0.0472894 0.0446060 0.0442644 0.0498659 0.0524052 0.0503158 0.0539154 0.0537473 0.0533559 0.0418621 0.0410142 0.0418672 0.0387217 0.0406782 0.0437332 0.0425630 0.0437525 0.0427903 0.0421042 0.0421168 0.0425822 0.0420584 0.0415515 0.0425120 0.0477615 0.0507274 0.0507274 0.0473003 0.0473003 0.0421814 0.0493152 0.0513765 0.0613371 0.0481709 0.0493311 0.0507944 0.0485291 0.0496025 0.0468586 0.0399216 0.0424481 0.0477743 0.0590561 0.0485329 0.0494047 0.0508505 0.0449593 0.0525105 0.0598710 0.0495675 0.0504427 0.0456308 0.0555871 0.0492315 0.0492315 0.0504375 0.0505924 0.0481572 0.0432508 0.0506169 
Carlsbad_20160601_USA_1                       0.0048279 0.0415265 0.0415265 0.0384627 0.0406825 0.0381630 0.0406825 0.0000000 0.0000010 0.0391347 0.0135918 0.0131505 0.0008247 0.0055062 0.0137788 0.0075451 0.0075451 0.0058433 0.0049872 0.0229719 0.0080076 0.0054129 0.0062771 0.0041360 0.0041239 0.0041452 0.0041601 0.0032938 0.0016292 0.0059094 0.0049797 0.0170060 0.0008110 0.0008110 0.0037026 0.0049918 0.0026082 0.0094787 0.0033019 0.0099650 0.0012174 0.0012174 0.0008110 0.0008164 0.0209034 0.0098415 0.0012335 0.0026496 0.0098464 0.0178916 0.0178916 0.0221336 0.0129585 0.0140173 0.0167209 0.0167209 0.0209090 0.0209090 0.0215206 0.0139516 0.0105605 0.0071612 0.0155978 0.0025228 0.0199384 0.0085714 0.0129881 0.0139287 0.0121450 0.0103176 0.0116681 0.0116556 0.0102753 0.0084246 0.0016833 0.0097682 0.0020472 0.0058612 0.0037117 0.0032868 0.0045635 0.0054092 0.0041317 0.0045538 0.0054077 0.0084527 0.0066921 0.0071094 0.0121196 0.0137636 0.0075416 0.0045180 0.0105423 0.0066832 0.0057736 0.0062241 0.0062241 0.0062241 0.0053212 0.0071507 0.0066759 0.0012565 0.0115967 0.0079758 0.0079758 0.0099077 0.0054222 0.0016541 0.0101997 0.0058211 0.0058211 0.0066914 0.0071609 0.0024511 0.0062832 0.0063724 0.0053690 0.0066793 0.0062182 0.0049807 0.0032871 0.0045454 0.0049877 0.0016430 0.0012206 0.0020384 0.0024564 0.0024513 0.0024513 0.0020410 0.0012212 0.0041322 0.0058380 0.0059253 0.0071477 0.0084136 0.0092875 0.0016496 0.0012497 0.0008273 0.0022916 0.0012691 0.0012528 0.0012385 0.0016387 0.0012265 0.0012287 0.0008203 0.0012303 0.0012303 0.0016440 0.0024811 0.0045670 0.0080029 0.0080029 0.0075611 0.0075611 0.0016453 0.0080532 0.0067030 0.0117030 0.0071548 0.0032983 0.0090068 0.0084654 0.0053855 0.0032803 0.0031542 0.0103730 0.0024585 0.0081166 0.0049690 0.0071302 0.0067120 0.0037576 0.0058781 0.0100055 0.0049701 0.0058759 0.0111588 0.0088736 0.0057994 0.0057994 0.0066863 0.0066762 0.0041263 0.0085587 0.0086532 
Carlsbad_20150601_USA_1                       0.0048279 0.0415265 0.0415265 0.0384627 0.0406825 0.0381630 0.0406825 0.0000010 0.0000000 0.0391347 0.0135918 0.0131505 0.0008247 0.0055062 0.0137788 0.0075451 0.0075451 0.0058433 0.0049872 0.0229719 0.0080076 0.0054129 0.0062771 0.0041360 0.0041239 0.0041452 0.0041601 0.0032938 0.0016292 0.0059094 0.0049797 0.0170060 0.0008110 0.0008110 0.0037026 0.0049918 0.0026082 0.0094787 0.0033019 0.0099650 0.0012174 0.0012174 0.0008110 0.0008164 0.0209034 0.0098415 0.0012335 0.0026496 0.0098464 0.0178916 0.0178916 0.0221336 0.0129585 0.0140173 0.0167209 0.0167209 0.0209090 0.0209090 0.0215206 0.0139516 0.0105605 0.0071612 0.0155978 0.0025228 0.0199384 0.0085714 0.0129881 0.0139287 0.0121450 0.0103176 0.0116681 0.0116556 0.0102753 0.0084246 0.0016833 0.0097682 0.0020472 0.0058612 0.0037117 0.0032868 0.0045635 0.0054092 0.0041317 0.0045538 0.0054077 0.0084527 0.0066921 0.0071094 0.0121196 0.0137636 0.0075416 0.0045180 0.0105423 0.0066832 0.0057736 0.0062241 0.0062241 0.0062241 0.0053212 0.0071507 0.0066759 0.0012565 0.0115967 0.0079758 0.0079758 0.0099077 0.0054222 0.0016541 0.0101997 0.0058211 0.0058211 0.0066914 0.0071609 0.0024511 0.0062832 0.0063724 0.0053690 0.0066793 0.0062182 0.0049807 0.0032871 0.0045454 0.0049877 0.0016430 0.0012206 0.0020384 0.0024564 0.0024513 0.0024513 0.0020410 0.0012212 0.0041322 0.0058380 0.0059253 0.0071477 0.0084136 0.0092875 0.0016496 0.0012497 0.0008273 0.0022916 0.0012691 0.0012528 0.0012385 0.0016387 0.0012265 0.0012287 0.0008203 0.0012303 0.0012303 0.0016440 0.0024811 0.0045670 0.0080029 0.0080029 0.0075611 0.0075611 0.0016453 0.0080532 0.0067030 0.0117030 0.0071548 0.0032983 0.0090068 0.0084654 0.0053855 0.0032803 0.0031542 0.0103730 0.0024585 0.0081166 0.0049690 0.0071302 0.0067120 0.0037576 0.0058781 0.0100055 0.0049701 0.0058759 0.0111588 0.0088736 0.0057994 0.0057994 0.0066863 0.0066762 0.0041263 0.0085587 0.0086532 
Encinitas_20160901_USA_1                      0.0523483 0.0333820 0.0333820 0.1134385 0.1137331 0.1111182 0.1137331 0.0391347 0.0391347 0.0000000 0.0696021 0.0719084 0.0460535 0.0497400 0.0719742 0.0575885 0.0575885 0.0575360 0.0484391 0.0932060 0.0610311 0.0550675 0.0564489 0.0547029 0.0544566 0.0535791 0.0538114 0.0488724 0.0491666 0.0602159 0.0491511 0.0856611 0.0450758 0.0450758 0.0507206 0.0565193 0.0573130 0.0650622 0.0531672 0.0671319 0.0456156 0.0456156 0.0456870 0.0475371 0.0849565 0.0320555 0.0418514 0.0360130 0.0544041 0.0728897 0.0728897 0.0280562 0.0581813 0.0645901 0.0314361 0.0314361 0.0746573 0.0746573 0.0439336 0.0586932 0.0366612 0.0559223 0.0647979 0.0483204 0.0722227 0.0579530 0.0668160 0.0691723 0.0671407 0.0657911 0.0665180 0.0661826 0.0626628 0.0542650 0.0460016 0.0566793 0.0451960 0.0566178 0.0534305 0.0525906 0.0556639 0.0540272 0.0509257 0.0533925 0.0535220 0.0595562 0.0581848 0.0600132 0.0614650 0.0585970 0.0565908 0.0522735 0.0435150 0.0520319 0.0403046 0.0537238 0.0528703 0.0537238 0.0403851 0.0423065 0.0546702 0.0427044 0.0648284 0.0569303 0.0569303 0.0617210 0.0571954 0.0496537 0.0603196 0.0537321 0.0537321 0.0551482 0.0543979 0.0493220 0.0424016 0.0711256 0.0562561 0.0600240 0.0576526 0.0537724 0.0528912 0.0559761 0.0604964 0.0471499 0.0474575 0.0476464 0.0509896 0.0513434 0.0507110 0.0508841 0.0490588 0.0528461 0.0584468 0.0589601 0.0575540 0.0584628 0.0570559 0.0487921 0.0443809 0.0450089 0.0520315 0.0449648 0.0401799 0.0431708 0.0465910 0.0448487 0.0449341 0.0463491 0.0468527 0.0462795 0.0469030 0.0499075 0.0530708 0.0597707 0.0597707 0.0594562 0.0594562 0.0492894 0.0574580 0.0528096 0.0721118 0.0574911 0.0518492 0.0613960 0.0595825 0.0565662 0.0522000 0.0594728 0.0612164 0.0495854 0.0618865 0.0554140 0.0581378 0.0606097 0.0506549 0.0590189 0.0642404 0.0527927 0.0561152 0.0641010 0.0649044 0.0531161 0.0531161 0.0579535 0.0552623 0.0539088 0.0604505 0.0453869 
Zerdab_20031114_Azerbaijan_1                  0.0211027 0.0727008 0.0727008 0.0456375 0.0494234 0.0436573 0.0494234 0.0135918 0.0135918 0.0696021 0.0000000 0.0045697 0.0140384 0.0227742 0.0328517 0.0199895 0.0199895 0.0184130 0.0237359 0.0405003 0.0198727 0.0205305 0.0214691 0.0209594 0.0212890 0.0166017 0.0166592 0.0209353 0.0164802 0.0225739 0.0228501 0.0339577 0.0176757 0.0176757 0.0171747 0.0229243 0.0205146 0.0269396 0.0191588 0.0253317 0.0180981 0.0180981 0.0181206 0.0165614 0.0379368 0.0278020 0.0140245 0.0179651 0.0238098 0.0297396 0.0297396 0.0441691 0.0227871 0.0214689 0.0391051 0.0391051 0.0387266 0.0387266 0.0427004 0.0262110 0.0315214 0.0203214 0.0190092 0.0093378 0.0227035 0.0236494 0.0162936 0.0171965 0.0154323 0.0141081 0.0149760 0.0162444 0.0110781 0.0208567 0.0129878 0.0215332 0.0195667 0.0141220 0.0154423 0.0180960 0.0149520 0.0142025 0.0133146 0.0154558 0.0150714 0.0172070 0.0157687 0.0183912 0.0236739 0.0249404 0.0149482 0.0180333 0.0228926 0.0136956 0.0169342 0.0154112 0.0154315 0.0154112 0.0144819 0.0168763 0.0135963 0.0107441 0.0183205 0.0185378 0.0185378 0.0145058 0.0205116 0.0122028 0.0197815 0.0213955 0.0213955 0.0166944 0.0219210 0.0186996 0.0171844 0.0191193 0.0203689 0.0135747 0.0204524 0.0206015 0.0196209 0.0214382 0.0198778 0.0130183 0.0147303 0.0150228 0.0150685 0.0163794 0.0159400 0.0168949 0.0160484 0.0176487 0.0210638 0.0227890 0.0140452 0.0153721 0.0153378 0.0113128 0.0102327 0.0114960 0.0109766 0.0140983 0.0144992 0.0132797 0.0139766 0.0135995 0.0131571 0.0144847 0.0144530 0.0140260 0.0144673 0.0162630 0.0163827 0.0172452 0.0172452 0.0144184 0.0144184 0.0134403 0.0141125 0.0205345 0.0289145 0.0162068 0.0190215 0.0173199 0.0176946 0.0175526 0.0151510 0.0114139 0.0126492 0.0145804 0.0226535 0.0184799 0.0177349 0.0164666 0.0149344 0.0231898 0.0262204 0.0172105 0.0216520 0.0149073 0.0218372 0.0179909 0.0179909 0.0170992 0.0202700 0.0181536 0.0105988 0.0173546 
Baki_20170421_Azerbaijan_5                    0.0206165 0.0752739 0.0752739 0.0467340 0.0470536 0.0405574 0.0470536 0.0131505 0.0131505 0.0719084 0.0045697 0.0000000 0.0131589 0.0228265 0.0328766 0.0213266 0.0213266 0.0157640 0.0227964 0.0418749 0.0171758 0.0177928 0.0187077 0.0191246 0.0194586 0.0140011 0.0140491 0.0200169 0.0138354 0.0211646 0.0229019 0.0311320 0.0167864 0.0167864 0.0163475 0.0210917 0.0180875 0.0245946 0.0182878 0.0229837 0.0172067 0.0172067 0.0163394 0.0147826 0.0357536 0.0285443 0.0131461 0.0165025 0.0277461 0.0267742 0.0267742 0.0466404 0.0267206 0.0253659 0.0408462 0.0408462 0.0351058 0.0351058 0.0421130 0.0282919 0.0315295 0.0189884 0.0227820 0.0106430 0.0246925 0.0226965 0.0145466 0.0154325 0.0136967 0.0123949 0.0132491 0.0153714 0.0102464 0.0218700 0.0134871 0.0216567 0.0196079 0.0163473 0.0163854 0.0172051 0.0158854 0.0177543 0.0177534 0.0181619 0.0186511 0.0208467 0.0140157 0.0165952 0.0256869 0.0290139 0.0184971 0.0162616 0.0250643 0.0190110 0.0208905 0.0189800 0.0185497 0.0189800 0.0183336 0.0213791 0.0170851 0.0116458 0.0156864 0.0222177 0.0222177 0.0171986 0.0177774 0.0117742 0.0234836 0.0195241 0.0195241 0.0203009 0.0229959 0.0160063 0.0212092 0.0173736 0.0176556 0.0144860 0.0177264 0.0178534 0.0169035 0.0186817 0.0163437 0.0121632 0.0129919 0.0150526 0.0141969 0.0137515 0.0141885 0.0142442 0.0134114 0.0150002 0.0210395 0.0199408 0.0149886 0.0194365 0.0203005 0.0100434 0.0111232 0.0123977 0.0119490 0.0136401 0.0131490 0.0128567 0.0131170 0.0131793 0.0127390 0.0127375 0.0127107 0.0127275 0.0131644 0.0158180 0.0154779 0.0182420 0.0182420 0.0135430 0.0135430 0.0108612 0.0185683 0.0168989 0.0259553 0.0135885 0.0163369 0.0196721 0.0159176 0.0149190 0.0147094 0.0086374 0.0109807 0.0155133 0.0208129 0.0158198 0.0150489 0.0151339 0.0153824 0.0203549 0.0233022 0.0190825 0.0188656 0.0140242 0.0190469 0.0144801 0.0144801 0.0136188 0.0166848 0.0163428 0.0097611 0.0163657 
Honolulu_20161212_USA_1                       0.0054324 0.0492558 0.0492558 0.0425543 0.0435584 0.0388773 0.0435584 0.0008247 0.0008247 0.0460535 0.0140384 0.0131589 0.0000000 0.0060028 0.0185069 0.0070947 0.0070947 0.0062552 0.0058693 0.0251750 0.0091265 0.0058795 0.0066937 0.0046754 0.0062857 0.0042528 0.0042671 0.0042699 0.0011508 0.0080457 0.0054952 0.0175478 0.0011438 0.0011438 0.0030872 0.0075340 0.0041675 0.0110219 0.0039068 0.0120019 0.0015261 0.0015261 0.0011438 0.0003811 0.0205429 0.0108709 0.0011983 0.0017176 0.0125908 0.0181815 0.0181815 0.0258894 0.0148271 0.0148938 0.0205366 0.0205366 0.0205320 0.0205320 0.0237316 0.0143953 0.0139807 0.0079335 0.0171655 0.0015786 0.0203728 0.0080356 0.0112535 0.0125452 0.0108915 0.0096079 0.0104519 0.0112733 0.0091942 0.0095637 0.0019875 0.0104458 0.0034931 0.0063369 0.0038800 0.0034713 0.0050905 0.0058820 0.0038856 0.0058697 0.0058888 0.0099832 0.0070854 0.0062481 0.0157608 0.0148776 0.0087321 0.0050449 0.0114473 0.0071130 0.0063920 0.0066685 0.0066685 0.0066685 0.0059554 0.0077318 0.0058696 0.0003956 0.0112336 0.0087187 0.0087187 0.0092646 0.0062867 0.0011708 0.0112478 0.0058655 0.0058655 0.0071129 0.0075613 0.0034972 0.0068700 0.0061125 0.0054402 0.0066597 0.0054458 0.0042853 0.0030929 0.0046726 0.0043093 0.0003849 0.0003817 0.0023114 0.0015352 0.0015296 0.0011451 0.0015335 0.0007639 0.0026964 0.0067389 0.0080815 0.0087690 0.0091621 0.0087488 0.0007721 0.0003924 0.0011727 0.0022000 0.0008005 0.0003987 0.0000010 0.0003852 0.0000010 0.0000010 0.0003862 0.0003862 0.0000010 0.0003866 0.0023307 0.0046939 0.0083710 0.0083710 0.0066566 0.0066566 0.0015482 0.0079680 0.0055373 0.0145224 0.0054685 0.0034885 0.0076043 0.0079534 0.0058505 0.0038929 0.0025638 0.0092777 0.0015360 0.0080282 0.0050609 0.0058682 0.0071300 0.0031444 0.0059552 0.0098234 0.0042827 0.0059209 0.0087597 0.0095519 0.0046557 0.0046557 0.0054439 0.0054702 0.0042657 0.0084050 0.0073328 
Encinitas_20160301_USA_1                      0.0106686 0.0500343 0.0500343 0.0533217 0.0549042 0.0504738 0.0549042 0.0055062 0.0055062 0.0497400 0.0227742 0.0228265 0.0060028 0.0000000 0.0228287 0.0151145 0.0151145 0.0142653 0.0095696 0.0354299 0.0169780 0.0130392 0.0139180 0.0116795 0.0112917 0.0116847 0.0117252 0.0095858 0.0079371 0.0136186 0.0095928 0.0262122 0.0054667 0.0054667 0.0091389 0.0125876 0.0098610 0.0167610 0.0096314 0.0178273 0.0058611 0.0058611 0.0058679 0.0063356 0.0280538 0.0145320 0.0048992 0.0051964 0.0165468 0.0277410 0.0277410 0.0294380 0.0197704 0.0213791 0.0244034 0.0244034 0.0298101 0.0298101 0.0276847 0.0206728 0.0166795 0.0152647 0.0252101 0.0081954 0.0277675 0.0153781 0.0210586 0.0220199 0.0202620 0.0188525 0.0197739 0.0198306 0.0169878 0.0151092 0.0082347 0.0173519 0.0063281 0.0148096 0.0116548 0.0107996 0.0129811 0.0138064 0.0112481 0.0133628 0.0138233 0.0177844 0.0151406 0.0159838 0.0226240 0.0226796 0.0155414 0.0124400 0.0180846 0.0138169 0.0126865 0.0141688 0.0137510 0.0141688 0.0126955 0.0141128 0.0146539 0.0061235 0.0196539 0.0159664 0.0159664 0.0166918 0.0142914 0.0085200 0.0177541 0.0125048 0.0125048 0.0142529 0.0139080 0.0087786 0.0127808 0.0146674 0.0133054 0.0155138 0.0141806 0.0117039 0.0104124 0.0125109 0.0116215 0.0075977 0.0063258 0.0079051 0.0091628 0.0095420 0.0091276 0.0095692 0.0083429 0.0104103 0.0130392 0.0132352 0.0165163 0.0164420 0.0155444 0.0072289 0.0064906 0.0056538 0.0082278 0.0062210 0.0053236 0.0060101 0.0059735 0.0051688 0.0055887 0.0055902 0.0059886 0.0055838 0.0059946 0.0088591 0.0113172 0.0147539 0.0147539 0.0155582 0.0155582 0.0084539 0.0161305 0.0130353 0.0228743 0.0142937 0.0104337 0.0162376 0.0152198 0.0133478 0.0108373 0.0111817 0.0167368 0.0083211 0.0158006 0.0129479 0.0142627 0.0152165 0.0101743 0.0139898 0.0168812 0.0116554 0.0122124 0.0178901 0.0186928 0.0128929 0.0128929 0.0142229 0.0133611 0.0116459 0.0161888 0.0137850 
San_Marcos_20160901_USA_1                     0.0236307 0.0740615 0.0740615 0.0612606 0.0641482 0.0543548 0.0641482 0.0137788 0.0137788 0.0719742 0.0328517 0.0328766 0.0185069 0.0228287 0.0000000 0.0258396 0.0258396 0.0247349 0.0204734 0.0415369 0.0266057 0.0222623 0.0232310 0.0217934 0.0156538 0.0218601 0.0219401 0.0199126 0.0185644 0.0203964 0.0218842 0.0261979 0.0176108 0.0176108 0.0208978 0.0184889 0.0178227 0.0224515 0.0195369 0.0251410 0.0176108 0.0176108 0.0180655 0.0187059 0.0361396 0.0287457 0.0129380 0.0103833 0.0254783 0.0372872 0.0372872 0.0430167 0.0284006 0.0297148 0.0389906 0.0389906 0.0381172 0.0381172 0.0447286 0.0280528 0.0307204 0.0268386 0.0353351 0.0191790 0.0370735 0.0291364 0.0334690 0.0345895 0.0331388 0.0320612 0.0325765 0.0319979 0.0292953 0.0256363 0.0159093 0.0263290 0.0186428 0.0234787 0.0213221 0.0217725 0.0223787 0.0232606 0.0213847 0.0218072 0.0228046 0.0267180 0.0243330 0.0257336 0.0302067 0.0308746 0.0242100 0.0230411 0.0270834 0.0242578 0.0229849 0.0236424 0.0231903 0.0236424 0.0239917 0.0252219 0.0246714 0.0145191 0.0302974 0.0240497 0.0240497 0.0291146 0.0241568 0.0183733 0.0266624 0.0217101 0.0217101 0.0241739 0.0242494 0.0214524 0.0225689 0.0166771 0.0224990 0.0265955 0.0230219 0.0222133 0.0207630 0.0226432 0.0142095 0.0187392 0.0182166 0.0203840 0.0218438 0.0212744 0.0217522 0.0188969 0.0185233 0.0214003 0.0238616 0.0216479 0.0258729 0.0262561 0.0262428 0.0179989 0.0167653 0.0148761 0.0113956 0.0152310 0.0171621 0.0181202 0.0174487 0.0165713 0.0170677 0.0166054 0.0170280 0.0170517 0.0171238 0.0187892 0.0214277 0.0250665 0.0250665 0.0266823 0.0266823 0.0183735 0.0274206 0.0249892 0.0311559 0.0243683 0.0214318 0.0275251 0.0268277 0.0231785 0.0198702 0.0168325 0.0302536 0.0199587 0.0263678 0.0232691 0.0257024 0.0248292 0.0216440 0.0254414 0.0264394 0.0228129 0.0233035 0.0298895 0.0276979 0.0245816 0.0245816 0.0252065 0.0246867 0.0213306 0.0280998 0.0265373 
Rybienko_Stare_20160126_Poland_2              0.0136561 0.0593684 0.0593684 0.0507215 0.0545829 0.0491668 0.0545829 0.0075451 0.0075451 0.0575885 0.0199895 0.0213266 0.0070947 0.0151145 0.0258396 0.0000000 0.0000010 0.0147585 0.0143918 0.0324182 0.0143278 0.0114633 0.0123089 0.0106264 0.0139696 0.0130500 0.0130942 0.0130997 0.0081985 0.0159650 0.0144526 0.0253151 0.0097298 0.0097298 0.0093671 0.0140814 0.0123095 0.0182613 0.0110912 0.0175349 0.0093227 0.0093227 0.0093200 0.0066120 0.0269334 0.0170666 0.0073002 0.0091451 0.0161793 0.0255929 0.0255929 0.0309184 0.0197521 0.0189698 0.0294957 0.0294957 0.0258638 0.0258638 0.0333494 0.0175501 0.0233565 0.0135206 0.0208081 0.0059286 0.0249271 0.0163598 0.0182635 0.0191735 0.0174876 0.0161479 0.0170250 0.0183002 0.0165677 0.0148474 0.0068243 0.0160867 0.0122834 0.0107251 0.0106225 0.0109675 0.0110888 0.0085873 0.0089931 0.0106318 0.0094389 0.0123452 0.0131146 0.0130821 0.0194535 0.0195467 0.0118949 0.0122058 0.0168801 0.0114655 0.0089549 0.0106490 0.0102447 0.0106490 0.0107105 0.0106847 0.0102194 0.0047448 0.0156081 0.0114457 0.0114457 0.0149177 0.0114646 0.0054605 0.0105972 0.0105817 0.0105817 0.0081646 0.0119100 0.0110651 0.0094555 0.0094451 0.0122317 0.0126975 0.0130832 0.0114555 0.0118672 0.0102097 0.0086340 0.0066230 0.0069765 0.0105976 0.0085414 0.0085500 0.0085294 0.0101995 0.0089909 0.0085724 0.0111537 0.0156097 0.0135347 0.0089172 0.0097258 0.0050589 0.0047300 0.0043253 0.0052885 0.0048547 0.0060797 0.0059077 0.0054391 0.0058559 0.0046689 0.0054951 0.0054835 0.0050650 0.0054654 0.0078697 0.0102194 0.0162178 0.0162178 0.0139092 0.0139092 0.0066638 0.0119035 0.0115658 0.0242215 0.0122964 0.0110182 0.0150082 0.0126911 0.0105517 0.0102475 0.0081357 0.0162743 0.0085646 0.0167801 0.0101792 0.0122809 0.0127504 0.0095229 0.0141680 0.0165880 0.0102273 0.0136462 0.0161061 0.0119013 0.0109604 0.0109604 0.0122372 0.0114242 0.0097867 0.0149730 0.0130539 
Rybienko_Stare_20160303_Poland_3              0.0136561 0.0593684 0.0593684 0.0507215 0.0545829 0.0491668 0.0545829 0.0075451 0.0075451 0.0575885 0.0199895 0.0213266 0.0070947 0.0151145 0.0258396 0.0000010 0.0000000 0.0147585 0.0143918 0.0324182 0.0143278 0.0114633 0.0123089 0.0106264 0.0139696 0.0130500 0.0130942 0.0130997 0.0081985 0.0159650 0.0144526 0.0253151 0.0097298 0.0097298 0.0093671 0.0140814 0.0123095 0.0182613 0.0110912 0.0175349 0.0093227 0.0093227 0.0093200 0.0066120 0.0269334 0.0170666 0.0073002 0.0091451 0.0161793 0.0255929 0.0255929 0.0309184 0.0197521 0.0189698 0.0294957 0.0294957 0.0258638 0.0258638 0.0333494 0.0175501 0.0233565 0.0135206 0.0208081 0.0059286 0.0249271 0.0163598 0.0182635 0.0191735 0.0174876 0.0161479 0.0170250 0.0183002 0.0165677 0.0148474 0.0068243 0.0160867 0.0122834 0.0107251 0.0106225 0.0109675 0.0110888 0.0085873 0.0089931 0.0106318 0.0094389 0.0123452 0.0131146 0.0130821 0.0194535 0.0195467 0.0118949 0.0122058 0.0168801 0.0114655 0.0089549 0.0106490 0.0102447 0.0106490 0.0107105 0.0106847 0.0102194 0.0047448 0.0156081 0.0114457 0.0114457 0.0149177 0.0114646 0.0054605 0.0105972 0.0105817 0.0105817 0.0081646 0.0119100 0.0110651 0.0094555 0.0094451 0.0122317 0.0126975 0.0130832 0.0114555 0.0118672 0.0102097 0.0086340 0.0066230 0.0069765 0.0105976 0.0085414 0.0085500 0.0085294 0.0101995 0.0089909 0.0085724 0.0111537 0.0156097 0.0135347 0.0089172 0.0097258 0.0050589 0.0047300 0.0043253 0.0052885 0.0048547 0.0060797 0.0059077 0.0054391 0.0058559 0.0046689 0.0054951 0.0054835 0.0050650 0.0054654 0.0078697 0.0102194 0.0162178 0.0162178 0.0139092 0.0139092 0.0066638 0.0119035 0.0115658 0.0242215 0.0122964 0.0110182 0.0150082 0.0126911 0.0105517 0.0102475 0.0081357 0.0162743 0.0085646 0.0167801 0.0101792 0.0122809 0.0127504 0.0095229 0.0141680 0.0165880 0.0102273 0.0136462 0.0161061 0.0119013 0.0109604 0.0109604 0.0122372 0.0114242 0.0097867 0.0149730 0.0130539 
Oswiecim_20160303_Poland_2                    0.0141206 0.0605625 0.0605625 0.0492363 0.0507599 0.0463601 0.0507599 0.0058433 0.0058433 0.0575360 0.0184130 0.0157640 0.0062552 0.0142653 0.0247349 0.0147585 0.0147585 0.0000000 0.0143962 0.0326615 0.0113589 0.0118834 0.0127331 0.0110326 0.0130982 0.0076845 0.0077099 0.0126954 0.0069678 0.0151216 0.0153233 0.0239751 0.0097462 0.0097462 0.0118201 0.0144802 0.0109326 0.0191037 0.0102419 0.0178866 0.0101427 0.0101427 0.0093357 0.0074015 0.0297605 0.0186351 0.0068881 0.0086972 0.0210842 0.0240227 0.0240227 0.0336287 0.0233994 0.0235311 0.0291548 0.0291548 0.0257725 0.0257725 0.0313386 0.0225594 0.0215231 0.0135542 0.0220480 0.0059326 0.0238845 0.0146035 0.0147386 0.0156126 0.0139677 0.0135030 0.0143556 0.0139113 0.0170883 0.0169872 0.0085108 0.0182459 0.0123053 0.0106174 0.0101993 0.0101757 0.0106117 0.0122862 0.0114638 0.0110218 0.0123008 0.0151718 0.0101141 0.0109095 0.0207444 0.0232296 0.0143300 0.0117786 0.0182344 0.0148054 0.0129141 0.0143402 0.0139287 0.0143402 0.0120096 0.0148291 0.0121857 0.0068237 0.0142289 0.0160618 0.0160618 0.0139993 0.0127288 0.0075033 0.0186094 0.0126611 0.0126611 0.0135028 0.0158017 0.0089744 0.0153554 0.0138579 0.0126037 0.0104800 0.0126321 0.0118930 0.0106224 0.0126861 0.0131936 0.0070351 0.0061774 0.0097728 0.0085487 0.0081372 0.0085436 0.0081597 0.0073726 0.0089177 0.0140000 0.0142769 0.0130768 0.0160811 0.0169425 0.0066542 0.0071805 0.0067481 0.0094129 0.0077627 0.0077242 0.0075601 0.0074617 0.0070738 0.0070857 0.0066789 0.0070707 0.0070796 0.0074877 0.0091145 0.0106255 0.0157375 0.0157375 0.0096752 0.0096752 0.0070417 0.0144528 0.0127911 0.0199000 0.0101358 0.0073236 0.0140956 0.0152753 0.0109388 0.0097932 0.0072504 0.0140301 0.0093832 0.0150202 0.0097282 0.0126626 0.0153473 0.0116655 0.0137457 0.0169570 0.0127077 0.0132277 0.0142975 0.0143152 0.0105385 0.0105385 0.0092882 0.0126340 0.0101746 0.0153441 0.0149123 
Escondido_20160301_USA_1                      0.0096434 0.0509381 0.0509381 0.0484990 0.0500305 0.0449166 0.0500305 0.0049872 0.0049872 0.0484391 0.0237359 0.0227964 0.0058693 0.0095696 0.0204734 0.0143918 0.0143918 0.0143962 0.0000000 0.0337653 0.0165508 0.0118889 0.0127390 0.0110353 0.0098033 0.0118617 0.0119019 0.0041590 0.0073824 0.0138095 0.0053585 0.0240292 0.0049626 0.0049626 0.0077483 0.0115512 0.0092109 0.0164234 0.0090494 0.0174644 0.0045719 0.0045719 0.0053550 0.0062142 0.0269620 0.0142813 0.0035978 0.0033850 0.0166937 0.0270546 0.0270546 0.0274824 0.0198712 0.0209036 0.0231408 0.0231408 0.0273393 0.0273393 0.0261871 0.0207603 0.0168766 0.0136504 0.0252301 0.0080419 0.0280727 0.0154902 0.0210640 0.0220069 0.0202825 0.0188995 0.0198036 0.0193244 0.0170695 0.0152758 0.0085076 0.0157546 0.0057723 0.0149585 0.0126939 0.0109916 0.0140129 0.0148286 0.0122916 0.0135334 0.0148465 0.0170285 0.0152557 0.0152406 0.0208281 0.0205061 0.0148120 0.0117665 0.0163165 0.0139796 0.0110993 0.0134951 0.0130858 0.0134951 0.0119949 0.0124797 0.0139672 0.0064243 0.0196859 0.0169687 0.0169687 0.0177049 0.0144220 0.0083533 0.0178821 0.0118448 0.0118448 0.0152727 0.0140927 0.0098300 0.0125370 0.0123112 0.0126284 0.0165192 0.0134823 0.0118807 0.0106117 0.0118506 0.0090746 0.0070431 0.0065970 0.0081607 0.0093838 0.0097558 0.0093486 0.0097830 0.0085784 0.0097984 0.0140748 0.0129501 0.0166373 0.0165899 0.0157049 0.0066817 0.0067847 0.0059613 0.0066628 0.0065237 0.0052387 0.0059251 0.0062693 0.0050734 0.0054852 0.0054868 0.0058779 0.0054806 0.0058837 0.0086990 0.0115014 0.0157734 0.0157734 0.0148245 0.0148245 0.0074687 0.0154053 0.0115805 0.0200306 0.0144244 0.0098197 0.0168137 0.0153339 0.0126685 0.0114608 0.0095398 0.0159358 0.0093875 0.0154774 0.0114378 0.0143936 0.0144867 0.0091325 0.0132854 0.0156736 0.0110342 0.0115523 0.0179550 0.0178832 0.0113898 0.0113898 0.0135224 0.0118404 0.0118231 0.0154069 0.0121224 
Lisboa_20160225_Portugal_3                    0.0315710 0.0969154 0.0969154 0.0740911 0.0757910 0.0652394 0.0757910 0.0229719 0.0229719 0.0932060 0.0405003 0.0418749 0.0251750 0.0354299 0.0415369 0.0324182 0.0324182 0.0326615 0.0337653 0.0000000 0.0337376 0.0318011 0.0328847 0.0286747 0.0333139 0.0303177 0.0304348 0.0331247 0.0273324 0.0343903 0.0338989 0.0330970 0.0292082 0.0292082 0.0306777 0.0265824 0.0206520 0.0328098 0.0246121 0.0295096 0.0296820 0.0296820 0.0286811 0.0258394 0.0417263 0.0399065 0.0247590 0.0261442 0.0350413 0.0511795 0.0511795 0.0587386 0.0357826 0.0409330 0.0558523 0.0558523 0.0532506 0.0532506 0.0606661 0.0362333 0.0479556 0.0340096 0.0414550 0.0270263 0.0461180 0.0379146 0.0405163 0.0417423 0.0389509 0.0384731 0.0396001 0.0400926 0.0382810 0.0337570 0.0255854 0.0359914 0.0304565 0.0281217 0.0265962 0.0297885 0.0270985 0.0281832 0.0291622 0.0286231 0.0282223 0.0328788 0.0344152 0.0327489 0.0437732 0.0440004 0.0350016 0.0348103 0.0420434 0.0350768 0.0327523 0.0331797 0.0332300 0.0331797 0.0332675 0.0364101 0.0327870 0.0239790 0.0364683 0.0293554 0.0293554 0.0319812 0.0329424 0.0256351 0.0319938 0.0286879 0.0286879 0.0285129 0.0291174 0.0289864 0.0294827 0.0136733 0.0316134 0.0293932 0.0300785 0.0302863 0.0295843 0.0307999 0.0192473 0.0263449 0.0252316 0.0291296 0.0287265 0.0277430 0.0282673 0.0291131 0.0275441 0.0298167 0.0261342 0.0292586 0.0288876 0.0305290 0.0333295 0.0245854 0.0243310 0.0233343 0.0138523 0.0215812 0.0243845 0.0258784 0.0240321 0.0246239 0.0241623 0.0241583 0.0246063 0.0246431 0.0251506 0.0274272 0.0314773 0.0334897 0.0334897 0.0342694 0.0342694 0.0264745 0.0333741 0.0355415 0.0351744 0.0335451 0.0315243 0.0362146 0.0332306 0.0326314 0.0294600 0.0179099 0.0376039 0.0275944 0.0328636 0.0305904 0.0329837 0.0362428 0.0290096 0.0296852 0.0350612 0.0316782 0.0301754 0.0400478 0.0327299 0.0337343 0.0337343 0.0332600 0.0356034 0.0307835 0.0389595 0.0379632 
