23
San_Diego_20170718_USA_1 0.0000000 0.1982506 0.0912263 0.0395652 0.1143366 0.0585329 0.0410689 0.0583251 0.0783190 0.0781808 0.2802311 0.4705479 0.4674837 0.0787484 0.3647684 0.0900742 0.1798636 0.1872756 0.3596043 0.2014160 0.0407020 0.0424390 0.5794047 
San_Diego_20170629_USA_1 0.1982506 0.0000000 0.2286221 0.1945466 0.2176675 0.1987676 0.1831573 0.2026778 0.1765918 0.1982501 0.3299882 0.4844862 0.4528073 0.2085466 0.5834554 0.1703486 0.1874022 0.1573846 0.4991053 0.2360011 0.1895084 0.1902729 0.5372441 
San_Diego_20170421_USA_2 0.0912263 0.2286221 0.0000000 0.0788619 0.1598573 0.0977712 0.0735698 0.0899716 0.0988300 0.1236056 0.3332237 0.3882719 0.4127902 0.1083751 0.3143548 0.1114979 0.2152766 0.2011279 0.2994906 0.1275293 0.0758434 0.0751573 0.4806682 
San_Diego_20170719_USA_1 0.0395652 0.1945466 0.0788619 0.0000000 0.1162508 0.0514021 0.0237414 0.0500086 0.0716422 0.0872717 0.2821001 0.4841461 0.4831351 0.0742268 0.3464402 0.0861199 0.1728267 0.1855496 0.3350549 0.1960737 0.0457979 0.0299291 0.5896124 
San_Diego_20170721_USA_1 0.1143366 0.2176675 0.1598573 0.1162508 0.0000000 0.1270840 0.1144521 0.1388314 0.1195835 0.1213511 0.2904249 0.4912283 0.4787166 0.1127576 0.4553966 0.1283960 0.2067968 0.1794216 0.4238701 0.1993427 0.1165813 0.1151614 0.5480883 
San_Diego_20170731_USA_1 0.0585329 0.1987676 0.0977712 0.0514021 0.1270840 0.0000000 0.0443440 0.0659155 0.0796019 0.0911607 0.2928101 0.4806031 0.4748949 0.0876636 0.3814365 0.1007385 0.1894131 0.1964780 0.3745576 0.2119847 0.0567639 0.0509425 0.5908664 
San_Diego_20170714_USA_1 0.0410689 0.1831573 0.0735698 0.0237414 0.1144521 0.0443440 0.0000000 0.0428568 0.0707428 0.0802212 0.2746714 0.4537008 0.4644604 0.0698606 0.3311692 0.0836293 0.1734484 0.1777991 0.3192796 0.1913311 0.0387976 0.0303621 0.5591140 
San_Diego_20170711_USA_1 0.0583251 0.2026778 0.0899716 0.0500086 0.1388314 0.0659155 0.0428568 0.0000000 0.0886869 0.0961388 0.2766148 0.4873257 0.4684821 0.0888919 0.3871806 0.0960698 0.1868868 0.1931187 0.3795076 0.2125467 0.0518702 0.0416812 0.5972898 
San_Diego_20170713_USA_1 0.0783190 0.1765918 0.0988300 0.0716422 0.1195835 0.0796019 0.0707428 0.0886869 0.0000000 0.0993870 0.2865865 0.4464101 0.4271429 0.0938822 0.3795522 0.0696767 0.1768969 0.1590686 0.3500819 0.1773020 0.0692448 0.0736825 0.5810066 
San_Diego_20170729_USA_1 0.0781808 0.1982501 0.1236056 0.0872717 0.1213511 0.0911607 0.0802212 0.0961388 0.0993870 0.0000000 0.2710535 0.4635515 0.4446403 0.0921840 0.4520246 0.1031540 0.1843790 0.1842643 0.4295729 0.1923385 0.0826124 0.0722830 0.5150030 
San_Diego_20170717_USA_1 0.2802311 0.3299882 0.3332237 0.2821001 0.2904249 0.2928101 0.2746714 0.2766148 0.2865865 0.2710535 0.0000000 0.5586578 0.5509179 0.2529469 0.7901562 0.2608157 0.3240674 0.3159867 0.7016259 0.3410087 0.2668976 0.2693588 0.5886311 
San_Diego_20170707_USA_1 0.4705479 0.4844862 0.3882719 0.4841461 0.4912283 0.4806031 0.4537008 0.4873257 0.4464101 0.4635515 0.5586578 0.0000000 0.2001810 0.4785801 0.9635742 0.4115561 0.4543056 0.4886718 0.8615445 0.4028159 0.4552328 0.4711837 0.2798519 
San_Diego_20170622_USA_1 0.4674837 0.4528073 0.4127902 0.4831351 0.4787166 0.4748949 0.4644604 0.4684821 0.4271429 0.4446403 0.5509179 0.2001810 0.0000000 0.5041623 0.9687049 0.3939459 0.4147899 0.4537014 0.8048797 0.3656226 0.4625520 0.4863613 0.2561868 
San_Diego_20170712_USA_1 0.0787484 0.2085466 0.1083751 0.0742268 0.1127576 0.0876636 0.0698606 0.0888919 0.0938822 0.0921840 0.2529469 0.4785801 0.5041623 0.0000000 0.4032896 0.1090250 0.2078933 0.1744128 0.3958788 0.2052018 0.0769346 0.0633118 0.5689966 
San_Diego_20170421_USA_1 0.3647684 0.5834554 0.3143548 0.3464402 0.4553966 0.3814365 0.3311692 0.3871806 0.3795522 0.4520246 0.7901562 0.9635742 0.9687049 0.4032896 0.0000000 0.3829310 0.5130691 0.5256812 0.1852215 0.4245706 0.3434775 0.3542509 1.0340034 
San_Diego_20170522_USA_1 0.0900742 0.1703486 0.1114979 0.0861199 0.1283960 0.1007385 0.0836293 0.0960698 0.0696767 0.1031540 0.2608157 0.4115561 0.3939459 0.1090250 0.3829310 0.0000000 0.1639298 0.1605315 0.3653807 0.1758770 0.0775929 0.0894187 0.5009895 
San_Diego_20170710_USA_2 0.1798636 0.1874022 0.2152766 0.1728267 0.2067968 0.1894131 0.1734484 0.1868868 0.1768969 0.1843790 0.3240674 0.4543056 0.4147899 0.2078933 0.5130691 0.1639298 0.0000000 0.1771444 0.4569416 0.2316073 0.1647768 0.1738732 0.5092482 
San_Diego_20170608_USA_1 0.1872756 0.1573846 0.2011279 0.1855496 0.1794216 0.1964780 0.1777991 0.1931187 0.1590686 0.1842643 0.3159867 0.4886718 0.4537014 0.1744128 0.5256812 0.1605315 0.1771444 0.0000000 0.4781146 0.2265439 0.1833995 0.1717715 0.5417702 
San_Diego_20170722_USA_1 0.3596043 0.4991053 0.2994906 0.3350549 0.4238701 0.3745576 0.3192796 0.3795076 0.3500819 0.4295729 0.7016259 0.8615445 0.8048797 0.3958788 0.1852215 0.3653807 0.4569416 0.4781146 0.0000000 0.3978180 0.3364698 0.3527392 0.8990328 
San_Diego_20170601_USA_1 0.2014160 0.2360011 0.1275293 0.1960737 0.1993427 0.2119847 0.1913311 0.2125467 0.1773020 0.1923385 0.3410087 0.4028159 0.3656226 0.2052018 0.4245706 0.1758770 0.2316073 0.2265439 0.3978180 0.0000000 0.1890711 0.1885328 0.3938550 
San_Diego_20170720_USA_1 0.0407020 0.1895084 0.0758434 0.0457979 0.1165813 0.0567639 0.0387976 0.0518702 0.0692448 0.0826124 0.2668976 0.4552328 0.4625520 0.0769346 0.3434775 0.0775929 0.1647768 0.1833995 0.3364698 0.1890711 0.0000000 0.0434343 0.5927104 
San_Diego_20170725_USA_1 0.0424390 0.1902729 0.0751573 0.0299291 0.1151614 0.0509425 0.0303621 0.0416812 0.0736825 0.0722830 0.2693588 0.4711837 0.4863613 0.0633118 0.3542509 0.0894187 0.1738732 0.1717715 0.3527392 0.1885328 0.0434343 0.0000000 0.6073031 
San_Diego_20170710_USA_1 0.5794047 0.5372441 0.4806682 0.5896124 0.5480883 0.5908664 0.5591140 0.5972898 0.5810066 0.5150030 0.5886311 0.2798519 0.2561868 0.5689966 1.0340034 0.5009895 0.5092482 0.5417702 0.8990328 0.3938550 0.5927104 0.6073031 0.0000000 
