9
San_Diego_20170522_USA_1 0.0000000 0.1330839 0.1264620 0.1923924 0.3074336 0.2918262 0.2399044 0.2084662 0.1794425 
San_Diego_20170421_USA_2 0.1330839 0.0000000 0.1197023 0.1900477 0.3176113 0.3038645 0.2418019 0.2153656 0.1787866 
San_Diego_20170601_USA_2 0.1264620 0.1197023 0.0000000 0.1861552 0.3121997 0.2842835 0.2270174 0.1910214 0.1766150 
San_Diego_20170524_USA_1 0.1923924 0.1900477 0.1861552 0.0000000 0.2402532 0.2424771 0.1929368 0.1639066 0.1566340 
San_Diego_20170421_USA_1 0.3074336 0.3176113 0.3121997 0.2402532 0.0000000 0.1915476 0.2034899 0.1976002 0.2050714 
San_Diego_20170622_USA_1 0.2918262 0.3038645 0.2842835 0.2424771 0.1915476 0.0000000 0.1525567 0.1826158 0.1780878 
San_Diego_20170629_USA_1 0.2399044 0.2418019 0.2270174 0.1929368 0.2034899 0.1525567 0.0000000 0.1354290 0.1584630 
San_Diego_20170608_USA_1 0.2084662 0.2153656 0.1910214 0.1639066 0.1976002 0.1826158 0.1354290 0.0000000 0.0962759 
San_Diego_20170601_USA_1 0.1794425 0.1787866 0.1766150 0.1566340 0.2050714 0.1780878 0.1584630 0.0962759 0.0000000 
