8
San_Diego_20170622_USA_1 0.0000000 0.2160377 0.3245122 0.2037532 0.1776069 0.2142546 0.3436418 0.3649271 
San_Diego_20170421_USA_1 0.2160377 0.0000000 0.3688249 0.2355629 0.2285524 0.2242384 0.3533638 0.3821046 
San_Diego_20170601_USA_2 0.3245122 0.3688249 0.0000000 0.2037985 0.2676919 0.2256004 0.1454346 0.1354486 
San_Diego_20170601_USA_1 0.2037532 0.2355629 0.2037985 0.0000000 0.1803674 0.1092285 0.2042280 0.2015641 
San_Diego_20170629_USA_1 0.1776069 0.2285524 0.2676919 0.1803674 0.0000000 0.1557300 0.2711873 0.2861300 
San_Diego_20170608_USA_1 0.2142546 0.2242384 0.2256004 0.1092285 0.1557300 0.0000000 0.2358747 0.2492434 
San_Diego_20170522_USA_1 0.3436418 0.3533638 0.1454346 0.2042280 0.2711873 0.2358747 0.0000000 0.1512868 
San_Diego_20170421_USA_2 0.3649271 0.3821046 0.1354486 0.2015641 0.2861300 0.2492434 0.1512868 0.0000000 
