9
San_Diego_20170601_USA_1 0.0000000 0.1777175 0.2044940 0.1564254 0.1791084 0.0962101 0.1763555 0.1582043 0.1784688 
San_Diego_20170622_USA_1 0.1777175 0.0000000 0.1909950 0.2417687 0.2907395 0.1821998 0.2833489 0.1522915 0.3026851 
San_Diego_20170421_USA_1 0.2044940 0.1909950 0.0000000 0.2394932 0.3060975 0.1970652 0.3109107 0.2029117 0.3161722 
San_Diego_20170524_USA_1 0.1564254 0.2417687 0.2394932 0.0000000 0.1920151 0.1636172 0.1858854 0.1925000 0.1897242 
San_Diego_20170522_USA_1 0.1791084 0.2907395 0.3060975 0.1920151 0.0000000 0.2079927 0.1263303 0.2392349 0.1328887 
San_Diego_20170608_USA_1 0.0962101 0.1821998 0.1970652 0.1636172 0.2079927 0.0000000 0.1906679 0.1352486 0.2148700 
San_Diego_20170601_USA_2 0.1763555 0.2833489 0.3109107 0.1858854 0.1263303 0.1906679 0.0000000 0.2265054 0.1195959 
San_Diego_20170629_USA_1 0.1582043 0.1522915 0.2029117 0.1925000 0.2392349 0.1352486 0.2265054 0.0000000 0.2411920 
San_Diego_20170421_USA_2 0.1784688 0.3026851 0.3161722 0.1897242 0.1328887 0.2148700 0.1195959 0.2411920 0.0000000 
