143
Escondido_20160901_USA_1                   0.0000000 0.0430378 0.0421464 0.2615905 0.1855636 0.1884138 0.1271670 0.1482129 0.1245962 0.2199398 0.1236664 0.1687684 0.1420259 0.1840828 0.1729611 0.1487375 0.1064135 0.1557551 0.1410739 0.1559098 0.1557393 0.1528261 0.1816934 0.1431845 0.1397893 0.1492082 0.1547982 0.1416511 0.1494428 0.1531223 0.1531223 0.1450643 0.1510111 0.1337991 0.1701460 0.1506866 0.1557920 0.1533260 0.1533260 0.1646476 0.1534757 0.1534757 0.2098389 0.1527859 0.1543632 0.1511150 0.1696511 0.1568266 0.1568266 0.1621849 0.1621849 0.1515826 0.1515826 0.2241614 0.1467833 0.1522848 0.1522848 0.1556587 0.1556587 0.1574731 0.1483655 0.1687610 0.1417018 0.1490027 0.1540707 0.1540707 0.1421716 0.1516691 0.1761833 0.1463677 0.1454628 0.1454628 0.1470221 0.1470221 0.1465859 0.1486317 0.1470221 0.1459606 0.1489840 0.1996497 0.1452782 0.1499226 0.1477216 0.1722109 0.1552758 0.1610657 0.1571193 0.1571193 0.1671237 0.1421976 0.1474278 0.1761542 0.1651291 0.1492413 0.1533026 0.1516971 0.1425349 0.1406525 0.1461557 0.1442580 0.1422341 0.1468729 0.1498147 0.1539273 0.1507038 0.1486018 0.1527569 0.1475367 0.1487851 0.1512753 0.1539095 0.1438206 0.1485571 0.1301082 0.1510016 0.1506151 0.1431457 0.1446573 0.1492295 0.1597188 0.1392172 0.1438147 0.1371050 0.1420979 0.1396988 0.1431161 0.1458394 0.1431925 0.1374156 0.1172870 0.1378846 0.1407893 0.1376241 0.1396934 0.1364341 0.1383613 0.1372753 0.1388422 0.1377533 0.1418832 0.1405406 0.1222078 0.1380844 
Carlsbad_20160901_USA_1                    0.0430378 0.0000000 0.0266186 0.2361794 0.1770614 0.1625168 0.1121761 0.1369572 0.1083195 0.2088902 0.1098495 0.1568845 0.1328152 0.1682283 0.1581509 0.1316072 0.1007172 0.1404919 0.1245015 0.1470664 0.1429280 0.1420242 0.1748945 0.1305130 0.1240521 0.1366655 0.1406051 0.1337703 0.1417322 0.1433825 0.1433825 0.1341833 0.1428109 0.1321800 0.1592163 0.1429503 0.1440341 0.1384132 0.1384132 0.1534518 0.1427382 0.1427382 0.1920953 0.1396007 0.1418339 0.1356777 0.1554908 0.1431373 0.1431373 0.1483900 0.1483900 0.1402616 0.1402616 0.1976650 0.1341966 0.1391368 0.1391368 0.1430755 0.1430755 0.1437416 0.1354268 0.1541968 0.1270752 0.1354770 0.1399465 0.1399465 0.1298587 0.1439383 0.1633620 0.1315070 0.1359003 0.1359003 0.1373760 0.1373760 0.1362622 0.1389161 0.1357151 0.1355368 0.1337183 0.1810836 0.1339228 0.1350751 0.1356130 0.1566499 0.1416310 0.1462514 0.1444501 0.1444501 0.1556701 0.1324889 0.1322917 0.1572760 0.1528119 0.1388662 0.1397534 0.1393074 0.1323549 0.1280831 0.1341531 0.1339687 0.1312616 0.1393494 0.1421210 0.1432030 0.1402035 0.1379855 0.1419693 0.1415271 0.1413156 0.1451523 0.1460053 0.1362963 0.1398362 0.1158393 0.1397489 0.1369557 0.1323749 0.1309486 0.1389262 0.1449198 0.1296716 0.1256083 0.1248583 0.1308847 0.1290096 0.1299231 0.1324633 0.1299394 0.1234341 0.1166872 0.1282905 0.1285147 0.1264588 0.1284544 0.1256492 0.1274737 0.1266101 0.1263975 0.1266116 0.1295166 0.1294704 0.1167000 0.1278073 
Encinitas_20160901_USA_1                   0.0421464 0.0266186 0.0000000 0.2090470 0.1596535 0.1422078 0.1041677 0.1282631 0.1007557 0.1898494 0.1026013 0.1393498 0.1180462 0.1543076 0.1405052 0.1278268 0.0935559 0.1292107 0.1142447 0.1323506 0.1299591 0.1282535 0.1633050 0.1194836 0.1112360 0.1259092 0.1274320 0.1205736 0.1277129 0.1292323 0.1292323 0.1240332 0.1285524 0.1183294 0.1481588 0.1304133 0.1305540 0.1246702 0.1246702 0.1399120 0.1311124 0.1311124 0.1738508 0.1281813 0.1285486 0.1308123 0.1439616 0.1306942 0.1306942 0.1337243 0.1337243 0.1271357 0.1271357 0.1807290 0.1231061 0.1253762 0.1253762 0.1314056 0.1314056 0.1354980 0.1227044 0.1394414 0.1190396 0.1227379 0.1268536 0.1268536 0.1192311 0.1297226 0.1499021 0.1207338 0.1264387 0.1264387 0.1261762 0.1261762 0.1285750 0.1283167 0.1246328 0.1244756 0.1211362 0.1616219 0.1212454 0.1223993 0.1229065 0.1447773 0.1312750 0.1342498 0.1343589 0.1343589 0.1457142 0.1196913 0.1223043 0.1451588 0.1410200 0.1258410 0.1299520 0.1262212 0.1214913 0.1175413 0.1215857 0.1229640 0.1189329 0.1261728 0.1285244 0.1300152 0.1262143 0.1259611 0.1296620 0.1275364 0.1257213 0.1294204 0.1327727 0.1220232 0.1259720 0.1128010 0.1276054 0.1240646 0.1175811 0.1183790 0.1257160 0.1304331 0.1151729 0.1147862 0.1140290 0.1171575 0.1155655 0.1187549 0.1201195 0.1177601 0.1133103 0.1029664 0.1160814 0.1162821 0.1132168 0.1162244 0.1136360 0.1141923 0.1133950 0.1132144 0.1133958 0.1187963 0.1179463 0.1050981 0.1161407 
Carlsbad_20160718_USA_1                    0.2615905 0.2361794 0.2090470 0.0000000 0.0567256 0.0402343 0.0446652 0.0495323 0.0404586 0.0771831 0.0406667 0.0481866 0.0454408 0.0559355 0.0446955 0.0586577 0.1024204 0.0544470 0.0556883 0.0586031 0.0539346 0.0528524 0.0669728 0.0492052 0.0551440 0.0526041 0.0529312 0.0493238 0.0552914 0.0596220 0.0596220 0.0503125 0.0557735 0.0416511 0.0627368 0.0515194 0.0557296 0.0564334 0.0564334 0.0587897 0.0500108 0.0500108 0.0725547 0.0518389 0.0548313 0.0509556 0.0463201 0.0570550 0.0570550 0.0560860 0.0560860 0.0505822 0.0505822 0.0424001 0.0532464 0.0542898 0.0542898 0.0545022 0.0545022 0.0549860 0.0514265 0.0522425 0.0508706 0.0485414 0.0511590 0.0511590 0.0484086 0.0547027 0.0577882 0.0477213 0.0490340 0.0490340 0.0488371 0.0488371 0.0474736 0.0529265 0.0496150 0.0496150 0.0523235 0.0605083 0.0500781 0.0487824 0.0488350 0.0535468 0.0515801 0.0543813 0.0540152 0.0540152 0.0551900 0.0434515 0.0517337 0.0572842 0.0555381 0.0491006 0.0495924 0.0467557 0.0478730 0.0490928 0.0465163 0.0489648 0.0473194 0.0542874 0.0523502 0.0518538 0.0558412 0.0527193 0.0546603 0.0535166 0.0531076 0.0532890 0.0565148 0.0530724 0.0528892 0.0848682 0.0515616 0.0510253 0.0462873 0.0468128 0.0506307 0.0553938 0.0458921 0.0483940 0.0471962 0.0462409 0.0496545 0.0459393 0.0459378 0.0454707 0.0467751 0.0446962 0.0473809 0.0457470 0.0464340 0.0462557 0.0463834 0.0469654 0.0464922 0.0470182 0.0465506 0.0469815 0.0484340 0.0397701 0.0473276 
Carlsbad_20160815_USA_1                    0.1855636 0.1770614 0.1596535 0.0567256 0.0000000 0.0244611 0.0184339 0.0258803 0.0163391 0.0509845 0.0184874 0.0216937 0.0174212 0.0222669 0.0185095 0.0395548 0.0659532 0.0258981 0.0279650 0.0282670 0.0284121 0.0257043 0.0355239 0.0213461 0.0271115 0.0276029 0.0260618 0.0224860 0.0259945 0.0299933 0.0299933 0.0234319 0.0233052 0.0203695 0.0252981 0.0257970 0.0269832 0.0265118 0.0265118 0.0283375 0.0251199 0.0251199 0.0417071 0.0273561 0.0261307 0.0244985 0.0247093 0.0272238 0.0272238 0.0276291 0.0276291 0.0226314 0.0226314 0.0271362 0.0243375 0.0256199 0.0256199 0.0260682 0.0260682 0.0273279 0.0238559 0.0248488 0.0243812 0.0222321 0.0246513 0.0246513 0.0218803 0.0241762 0.0303397 0.0226793 0.0225371 0.0225371 0.0229227 0.0229227 0.0229060 0.0242445 0.0229671 0.0225590 0.0244028 0.0341612 0.0241541 0.0212358 0.0216359 0.0301587 0.0235294 0.0273046 0.0252463 0.0252463 0.0264672 0.0199390 0.0244028 0.0255602 0.0260058 0.0208542 0.0204738 0.0205366 0.0212304 0.0225580 0.0212588 0.0208295 0.0199909 0.0251843 0.0260672 0.0268894 0.0276684 0.0252850 0.0269066 0.0255803 0.0257921 0.0268891 0.0269258 0.0236503 0.0246688 0.0541071 0.0259961 0.0239903 0.0188860 0.0197397 0.0234179 0.0268290 0.0191743 0.0200251 0.0200272 0.0192351 0.0212326 0.0192501 0.0192870 0.0193658 0.0184065 0.0189322 0.0194090 0.0198301 0.0190628 0.0198700 0.0194892 0.0194470 0.0187180 0.0190424 0.0191019 0.0199669 0.0204947 0.0178240 0.0194095 
Carlsbad_20160901_USA_2                    0.1884138 0.1625168 0.1422078 0.0402343 0.0244611 0.0000000 0.0116599 0.0190615 0.0095636 0.0437392 0.0110204 0.0203197 0.0114689 0.0162087 0.0113855 0.0285657 0.0546958 0.0183821 0.0208890 0.0208718 0.0216448 0.0192469 0.0311014 0.0148538 0.0196389 0.0187790 0.0182696 0.0159379 0.0182581 0.0216144 0.0216144 0.0162955 0.0188820 0.0154476 0.0213393 0.0183550 0.0204439 0.0194513 0.0194513 0.0212793 0.0190268 0.0190268 0.0308098 0.0190540 0.0191922 0.0175888 0.0161796 0.0207838 0.0207838 0.0190915 0.0190915 0.0166226 0.0166226 0.0199046 0.0175326 0.0182672 0.0182672 0.0178936 0.0178936 0.0190769 0.0161533 0.0177241 0.0175064 0.0150285 0.0177518 0.0177518 0.0147067 0.0182298 0.0241255 0.0150425 0.0153395 0.0153395 0.0157482 0.0157482 0.0163911 0.0169746 0.0157457 0.0153536 0.0157780 0.0253456 0.0163712 0.0145179 0.0145758 0.0224714 0.0171065 0.0180226 0.0178945 0.0178945 0.0210360 0.0156785 0.0162227 0.0188643 0.0189334 0.0145758 0.0137844 0.0150702 0.0145461 0.0149781 0.0149972 0.0149919 0.0137840 0.0192290 0.0200826 0.0193723 0.0193046 0.0188273 0.0208455 0.0187341 0.0192953 0.0200320 0.0195941 0.0176865 0.0183309 0.0473795 0.0214511 0.0166527 0.0133391 0.0136472 0.0174777 0.0210998 0.0128009 0.0135935 0.0139444 0.0128766 0.0140345 0.0130480 0.0130721 0.0123482 0.0124109 0.0116200 0.0131267 0.0127260 0.0127392 0.0131419 0.0131690 0.0131683 0.0131690 0.0131280 0.0131683 0.0131231 0.0132693 0.0098895 0.0129528 
Encinitas_20160601_USA_1                   0.1271670 0.1121761 0.1041677 0.0446652 0.0184339 0.0116599 0.0000000 0.0075658 0.0010844 0.0281636 0.0014699 0.0106075 0.0014367 0.0113461 0.0074405 0.0148533 0.0379796 0.0056543 0.0056515 0.0071115 0.0072159 0.0056515 0.0164853 0.0013981 0.0038541 0.0052930 0.0049075 0.0021208 0.0056114 0.0074372 0.0074372 0.0038380 0.0053125 0.0049795 0.0097895 0.0045689 0.0063702 0.0056097 0.0056097 0.0082273 0.0056191 0.0056191 0.0193478 0.0056107 0.0056364 0.0042172 0.0048026 0.0078031 0.0078031 0.0071143 0.0071143 0.0031243 0.0031243 0.0102575 0.0034867 0.0041828 0.0041828 0.0038394 0.0038394 0.0049022 0.0031210 0.0057213 0.0024204 0.0024340 0.0031155 0.0031155 0.0010349 0.0056055 0.0086889 0.0013839 0.0024205 0.0024205 0.0024184 0.0024184 0.0039910 0.0041858 0.0024225 0.0020743 0.0027865 0.0128501 0.0027870 0.0020670 0.0017206 0.0091129 0.0034976 0.0049560 0.0038466 0.0038466 0.0071672 0.0025421 0.0020799 0.0071898 0.0064484 0.0017237 0.0017349 0.0013823 0.0010293 0.0006855 0.0013763 0.0017237 0.0006855 0.0056534 0.0057571 0.0058026 0.0056613 0.0049220 0.0063490 0.0052589 0.0056522 0.0070954 0.0063645 0.0042383 0.0049084 0.0268532 0.0068967 0.0041942 0.0006957 0.0006962 0.0049179 0.0071243 0.0006937 0.0010435 0.0014231 0.0006982 0.0010389 0.0006861 0.0006867 0.0006886 0.0006938 0.0008505 0.0010378 0.0006906 0.0006907 0.0006893 0.0006906 0.0006906 0.0006913 0.0006893 0.0006913 0.0006918 0.0006956 0.0008431 0.0006988 
Zerdab_20060505_Azerbaijan_1               0.1482129 0.1369572 0.1282631 0.0495323 0.0258803 0.0190615 0.0075658 0.0000000 0.0080444 0.0287467 0.0068745 0.0161587 0.0091437 0.0201934 0.0138895 0.0220058 0.0426281 0.0128370 0.0178353 0.0156341 0.0120783 0.0123641 0.0229538 0.0093130 0.0140900 0.0135781 0.0147779 0.0057849 0.0131002 0.0131848 0.0131848 0.0075596 0.0103974 0.0111579 0.0162956 0.0099561 0.0131351 0.0151992 0.0151992 0.0098756 0.0143719 0.0143719 0.0343313 0.0139452 0.0087106 0.0116517 0.0163615 0.0118792 0.0118792 0.0131652 0.0131652 0.0122886 0.0122886 0.0231448 0.0119610 0.0107275 0.0107275 0.0095240 0.0095240 0.0111077 0.0119151 0.0138623 0.0140635 0.0099300 0.0106717 0.0106717 0.0095271 0.0094607 0.0256553 0.0099484 0.0079133 0.0079133 0.0074968 0.0074968 0.0099477 0.0102995 0.0083048 0.0083048 0.0115778 0.0262281 0.0112345 0.0114595 0.0098774 0.0172991 0.0136718 0.0132824 0.0107227 0.0107227 0.0158967 0.0071644 0.0111906 0.0186285 0.0159586 0.0082801 0.0104400 0.0107805 0.0103117 0.0103539 0.0090896 0.0067446 0.0087013 0.0135121 0.0147947 0.0141178 0.0162502 0.0087825 0.0103133 0.0135016 0.0115337 0.0118952 0.0152460 0.0123554 0.0135297 0.0322376 0.0120110 0.0107617 0.0073033 0.0053397 0.0140067 0.0170808 0.0072511 0.0072868 0.0066633 0.0049528 0.0084583 0.0083664 0.0079685 0.0068225 0.0068923 0.0065268 0.0080098 0.0072306 0.0068434 0.0072310 0.0072539 0.0072383 0.0076279 0.0076276 0.0076435 0.0060434 0.0064996 0.0069469 0.0057515 
Carlsbad_20160601_USA_1                    0.1245962 0.1083195 0.1007557 0.0404586 0.0163391 0.0095636 0.0010844 0.0080444 0.0000000 0.0271134 0.0007307 0.0078955 0.0014469 0.0081262 0.0059393 0.0145011 0.0354217 0.0060786 0.0060708 0.0075419 0.0069156 0.0060649 0.0153424 0.0014065 0.0046097 0.0053446 0.0049599 0.0021440 0.0060315 0.0071250 0.0071250 0.0038610 0.0049972 0.0046114 0.0083217 0.0053347 0.0060633 0.0060357 0.0060357 0.0071620 0.0045749 0.0045749 0.0177586 0.0053152 0.0060597 0.0038958 0.0048128 0.0078728 0.0078728 0.0067859 0.0067859 0.0031573 0.0031573 0.0089129 0.0035112 0.0042231 0.0042231 0.0045998 0.0045998 0.0056797 0.0035081 0.0057449 0.0027961 0.0028093 0.0034992 0.0034992 0.0010439 0.0049373 0.0083921 0.0020964 0.0020888 0.0020888 0.0024374 0.0024374 0.0036543 0.0038633 0.0024416 0.0020906 0.0024505 0.0112769 0.0035281 0.0020832 0.0017341 0.0072410 0.0035257 0.0046252 0.0042418 0.0042418 0.0064761 0.0029330 0.0020963 0.0060939 0.0061323 0.0020924 0.0013922 0.0006927 0.0006908 0.0006908 0.0017372 0.0013883 0.0006908 0.0057039 0.0058153 0.0062408 0.0057224 0.0053208 0.0067685 0.0053011 0.0057083 0.0071589 0.0075364 0.0049950 0.0056659 0.0285301 0.0065751 0.0038745 0.0010578 0.0007023 0.0053218 0.0083328 0.0007024 0.0010527 0.0014346 0.0007043 0.0014025 0.0006908 0.0006914 0.0006934 0.0006986 0.0013030 0.0010450 0.0006960 0.0006967 0.0006960 0.0006954 0.0006960 0.0006973 0.0006953 0.0006973 0.0006978 0.0010575 0.0008550 0.0007062 
Tampere_20151120_Finland_1                 0.2199398 0.2088902 0.1898494 0.0771831 0.0509845 0.0437392 0.0281636 0.0287467 0.0271134 0.0000000 0.0274465 0.0392555 0.0294544 0.0411914 0.0363380 0.0486623 0.0857119 0.0350819 0.0360094 0.0310798 0.0341208 0.0323685 0.0394526 0.0302382 0.0367461 0.0372175 0.0361886 0.0263349 0.0345681 0.0316463 0.0316463 0.0328712 0.0289525 0.0335122 0.0383177 0.0331005 0.0346941 0.0383424 0.0383424 0.0301571 0.0309470 0.0309470 0.0504436 0.0357691 0.0320426 0.0316649 0.0353220 0.0337486 0.0337486 0.0366656 0.0366656 0.0319957 0.0319957 0.0408205 0.0330045 0.0338192 0.0338192 0.0344078 0.0344078 0.0356963 0.0337061 0.0364681 0.0343836 0.0311646 0.0341271 0.0341271 0.0298687 0.0359085 0.0434065 0.0288266 0.0304137 0.0304137 0.0299657 0.0299657 0.0299529 0.0313248 0.0295502 0.0299900 0.0328284 0.0438181 0.0321852 0.0309320 0.0305823 0.0382178 0.0343143 0.0346074 0.0340300 0.0340300 0.0369529 0.0293571 0.0325166 0.0364739 0.0327207 0.0310931 0.0303235 0.0307002 0.0305460 0.0320276 0.0305824 0.0297798 0.0292171 0.0309255 0.0312843 0.0310146 0.0333778 0.0307056 0.0318948 0.0316569 0.0301233 0.0312773 0.0337673 0.0308958 0.0326661 0.0719887 0.0305695 0.0316486 0.0243426 0.0256591 0.0350878 0.0388279 0.0250431 0.0272263 0.0257415 0.0269871 0.0289850 0.0281693 0.0291114 0.0279294 0.0278187 0.0267648 0.0283686 0.0284235 0.0276212 0.0284512 0.0280396 0.0284847 0.0280697 0.0284818 0.0285719 0.0266488 0.0283558 0.0262855 0.0244235 
Escondido_20160601_USA_1                   0.1236664 0.1098495 0.1026013 0.0406667 0.0184874 0.0110204 0.0014699 0.0068745 0.0007307 0.0274465 0.0000000 0.0088832 0.0010981 0.0077722 0.0064130 0.0152702 0.0385518 0.0050543 0.0065550 0.0072897 0.0062747 0.0065491 0.0132388 0.0021553 0.0050714 0.0050758 0.0057806 0.0025511 0.0053993 0.0068812 0.0068812 0.0042897 0.0050810 0.0051771 0.0084555 0.0046822 0.0057847 0.0050278 0.0050278 0.0065337 0.0057637 0.0057637 0.0176831 0.0053885 0.0061549 0.0043255 0.0037126 0.0080050 0.0080050 0.0061711 0.0061711 0.0039420 0.0039420 0.0102824 0.0043004 0.0035632 0.0035632 0.0043079 0.0043079 0.0046632 0.0039303 0.0050503 0.0035733 0.0032190 0.0035595 0.0035595 0.0014162 0.0042926 0.0089009 0.0021366 0.0032006 0.0032006 0.0028393 0.0028393 0.0037171 0.0039274 0.0032034 0.0024839 0.0028495 0.0094426 0.0043130 0.0028340 0.0028393 0.0085298 0.0047007 0.0050652 0.0035756 0.0035756 0.0073474 0.0029859 0.0028523 0.0065867 0.0065920 0.0021246 0.0024934 0.0024975 0.0021229 0.0017672 0.0024840 0.0017655 0.0017672 0.0065446 0.0062971 0.0071251 0.0065730 0.0050483 0.0065190 0.0053989 0.0061790 0.0072866 0.0069197 0.0050933 0.0061447 0.0308932 0.0067509 0.0050337 0.0021597 0.0014295 0.0057884 0.0088359 0.0010712 0.0017858 0.0018274 0.0014351 0.0021429 0.0017706 0.0014136 0.0014177 0.0010674 0.0017899 0.0021371 0.0014193 0.0010633 0.0014191 0.0017759 0.0017776 0.0014219 0.0014177 0.0014218 0.0010640 0.0014325 0.0013208 0.0010762 
Carlsbad_20160915_USA_1                    0.1687684 0.1568845 0.1393498 0.0481866 0.0216937 0.0203197 0.0106075 0.0161587 0.0078955 0.0392555 0.0088832 0.0000000 0.0104883 0.0177160 0.0107469 0.0300318 0.0560176 0.0165413 0.0184196 0.0171345 0.0182352 0.0160528 0.0270908 0.0120475 0.0172596 0.0180437 0.0167995 0.0126460 0.0167244 0.0190831 0.0190831 0.0140933 0.0161954 0.0132823 0.0211398 0.0160942 0.0172222 0.0179271 0.0179271 0.0195901 0.0152193 0.0152193 0.0300193 0.0167873 0.0175900 0.0138354 0.0116590 0.0190365 0.0190365 0.0180714 0.0180714 0.0148637 0.0148637 0.0173181 0.0144775 0.0163471 0.0163471 0.0167895 0.0167895 0.0175413 0.0144777 0.0156302 0.0148807 0.0130068 0.0152002 0.0152002 0.0119442 0.0162720 0.0210741 0.0126632 0.0129547 0.0129547 0.0133193 0.0133193 0.0130340 0.0152174 0.0137082 0.0133427 0.0149347 0.0227281 0.0150190 0.0133072 0.0121721 0.0198555 0.0137242 0.0164845 0.0160605 0.0160605 0.0152920 0.0108181 0.0149216 0.0169477 0.0174961 0.0122182 0.0111790 0.0114864 0.0114627 0.0125889 0.0118246 0.0125664 0.0107177 0.0168212 0.0162646 0.0168690 0.0180961 0.0152947 0.0171301 0.0163536 0.0168068 0.0167586 0.0179596 0.0150126 0.0155807 0.0458879 0.0178862 0.0149536 0.0110219 0.0109761 0.0148596 0.0189229 0.0109595 0.0113332 0.0115740 0.0106144 0.0124372 0.0100607 0.0100687 0.0101264 0.0105857 0.0129040 0.0108385 0.0104771 0.0105374 0.0105063 0.0105184 0.0105076 0.0105473 0.0105167 0.0105369 0.0109168 0.0117207 0.0098528 0.0106921 
Waianae_20161212_USA_1                     0.1420259 0.1328152 0.1180462 0.0454408 0.0174212 0.0114689 0.0014367 0.0091437 0.0014469 0.0294544 0.0010981 0.0104883 0.0000000 0.0115769 0.0078278 0.0188226 0.0411790 0.0067742 0.0092419 0.0077879 0.0082841 0.0063924 0.0156383 0.0023397 0.0064095 0.0078025 0.0056821 0.0023813 0.0077500 0.0091508 0.0091508 0.0050067 0.0064451 0.0064060 0.0123067 0.0060606 0.0077818 0.0084452 0.0084452 0.0085051 0.0067292 0.0067292 0.0190623 0.0067180 0.0067299 0.0060884 0.0067745 0.0080914 0.0080914 0.0077899 0.0077899 0.0046535 0.0046535 0.0116275 0.0046613 0.0063697 0.0063697 0.0056850 0.0056850 0.0067207 0.0043165 0.0061642 0.0050094 0.0036525 0.0049775 0.0049775 0.0026506 0.0063533 0.0130690 0.0036652 0.0039816 0.0039816 0.0036334 0.0036334 0.0055541 0.0056881 0.0039809 0.0036455 0.0050176 0.0132202 0.0043475 0.0026232 0.0022929 0.0097180 0.0060779 0.0064466 0.0060473 0.0060473 0.0089537 0.0041694 0.0039913 0.0082329 0.0075308 0.0019668 0.0029874 0.0026476 0.0026301 0.0029692 0.0026322 0.0026322 0.0016375 0.0063884 0.0072198 0.0069198 0.0074554 0.0071014 0.0084725 0.0070499 0.0074662 0.0081177 0.0074235 0.0050474 0.0060150 0.0311189 0.0092145 0.0050104 0.0009989 0.0006639 0.0046469 0.0081933 0.0009971 0.0016634 0.0013548 0.0009997 0.0023357 0.0006526 0.0006531 0.0006554 0.0006630 0.0012279 0.0009877 0.0006566 0.0006590 0.0006572 0.0006585 0.0006578 0.0006596 0.0006578 0.0006596 0.0013237 0.0013305 0.0008029 0.0006681 
Carlsbad_20160725_USA_1                    0.1840828 0.1682283 0.1543076 0.0559355 0.0222669 0.0162087 0.0113461 0.0201934 0.0081262 0.0411914 0.0077722 0.0177160 0.0115769 0.0000000 0.0122511 0.0316740 0.0613084 0.0195637 0.0214800 0.0189449 0.0193131 0.0185416 0.0277549 0.0136872 0.0182437 0.0178458 0.0177459 0.0139414 0.0189219 0.0197615 0.0197615 0.0149906 0.0179060 0.0186364 0.0203251 0.0177742 0.0190022 0.0201268 0.0201268 0.0186309 0.0160641 0.0160641 0.0291975 0.0176736 0.0198393 0.0155632 0.0133017 0.0201495 0.0201495 0.0198174 0.0198174 0.0165840 0.0165840 0.0153368 0.0173858 0.0181479 0.0181479 0.0174179 0.0174179 0.0185688 0.0165440 0.0177333 0.0165365 0.0145623 0.0168960 0.0168960 0.0130817 0.0173230 0.0235051 0.0138530 0.0137744 0.0137744 0.0141531 0.0141531 0.0143353 0.0153482 0.0145580 0.0141785 0.0158081 0.0198313 0.0150694 0.0145178 0.0141397 0.0197148 0.0161803 0.0187757 0.0182154 0.0182154 0.0184336 0.0132306 0.0158249 0.0199677 0.0151476 0.0134117 0.0122135 0.0142213 0.0129962 0.0145864 0.0137230 0.0133960 0.0122381 0.0185436 0.0177512 0.0183346 0.0194971 0.0161837 0.0176810 0.0177164 0.0178745 0.0185148 0.0189509 0.0171586 0.0180702 0.0522067 0.0203894 0.0161485 0.0125617 0.0117464 0.0172809 0.0207540 0.0117159 0.0128533 0.0123971 0.0109705 0.0136747 0.0123090 0.0115471 0.0112290 0.0113500 0.0150413 0.0124067 0.0116280 0.0108989 0.0116614 0.0112637 0.0120640 0.0120510 0.0120507 0.0116842 0.0116336 0.0121644 0.0112459 0.0114690 
Carlsbad_20160908_USA_1                    0.1729611 0.1581509 0.1405052 0.0446955 0.0185095 0.0113855 0.0074405 0.0138895 0.0059393 0.0363380 0.0064130 0.0107469 0.0078278 0.0122511 0.0000000 0.0268829 0.0542993 0.0145663 0.0172135 0.0144339 0.0154470 0.0141005 0.0237120 0.0094325 0.0149052 0.0152855 0.0140716 0.0100019 0.0143760 0.0162990 0.0162990 0.0118492 0.0134196 0.0122977 0.0164501 0.0133901 0.0144493 0.0151444 0.0151444 0.0152128 0.0129284 0.0129284 0.0263685 0.0136950 0.0144680 0.0115896 0.0100774 0.0166323 0.0166323 0.0148512 0.0148512 0.0125776 0.0125776 0.0168014 0.0129365 0.0136416 0.0136416 0.0136975 0.0136975 0.0147977 0.0121562 0.0139364 0.0129792 0.0099970 0.0128884 0.0128884 0.0089818 0.0132180 0.0190390 0.0093119 0.0099672 0.0099672 0.0103219 0.0103219 0.0111105 0.0117881 0.0099662 0.0096125 0.0118194 0.0195455 0.0123522 0.0103126 0.0096052 0.0170671 0.0118689 0.0149976 0.0133479 0.0133479 0.0146618 0.0096759 0.0114924 0.0133691 0.0131371 0.0096231 0.0093126 0.0085731 0.0092607 0.0107346 0.0092621 0.0099847 0.0081851 0.0144421 0.0147531 0.0157151 0.0157162 0.0126276 0.0148243 0.0140383 0.0141571 0.0148267 0.0152327 0.0134096 0.0140390 0.0465018 0.0157997 0.0118571 0.0084055 0.0080149 0.0125385 0.0160634 0.0079873 0.0083497 0.0085406 0.0076609 0.0101619 0.0075357 0.0071916 0.0072185 0.0072930 0.0086604 0.0079235 0.0075777 0.0076063 0.0079443 0.0079607 0.0079525 0.0079822 0.0079520 0.0079745 0.0079568 0.0087554 0.0062682 0.0077161 
Carlsbad_20160101_USA_1                    0.1487375 0.1316072 0.1278268 0.0586577 0.0395548 0.0285657 0.0148533 0.0220058 0.0145011 0.0486623 0.0152702 0.0300318 0.0188226 0.0316740 0.0268829 0.0000000 0.0570023 0.0265919 0.0236097 0.0272220 0.0271121 0.0250066 0.0402372 0.0201214 0.0204723 0.0241680 0.0250072 0.0204455 0.0250017 0.0245191 0.0245191 0.0225564 0.0240700 0.0188289 0.0307936 0.0234768 0.0269460 0.0254433 0.0254433 0.0277869 0.0257013 0.0257013 0.0425032 0.0254408 0.0247642 0.0235568 0.0284154 0.0271038 0.0271038 0.0269495 0.0269495 0.0220586 0.0220586 0.0342162 0.0225614 0.0229742 0.0229742 0.0230060 0.0230060 0.0250725 0.0228472 0.0275774 0.0190830 0.0226174 0.0232678 0.0232678 0.0218798 0.0253937 0.0336825 0.0213648 0.0220089 0.0220089 0.0232953 0.0232953 0.0221984 0.0232883 0.0220742 0.0216766 0.0213300 0.0345490 0.0210542 0.0211319 0.0207617 0.0299331 0.0243045 0.0244924 0.0243127 0.0243127 0.0285009 0.0208207 0.0196859 0.0280767 0.0272575 0.0225202 0.0213205 0.0204673 0.0186774 0.0179249 0.0208269 0.0208663 0.0199587 0.0258469 0.0247240 0.0224950 0.0238373 0.0239018 0.0258598 0.0241148 0.0237165 0.0257032 0.0245958 0.0222122 0.0236626 0.0415771 0.0227601 0.0243536 0.0176419 0.0180508 0.0258637 0.0292368 0.0171749 0.0183515 0.0184373 0.0180875 0.0179067 0.0180323 0.0189205 0.0178038 0.0168196 0.0154510 0.0182144 0.0178210 0.0171294 0.0178232 0.0174715 0.0174524 0.0179331 0.0174510 0.0175041 0.0186373 0.0180837 0.0123969 0.0169483 
Escondido_20161101_USA_1                   0.1064135 0.1007172 0.0935559 0.1024204 0.0659532 0.0546958 0.0379796 0.0426281 0.0354217 0.0857119 0.0385518 0.0560176 0.0411790 0.0613084 0.0542993 0.0570023 0.0000000 0.0487920 0.0456462 0.0520527 0.0502544 0.0477214 0.0670788 0.0427601 0.0420399 0.0472058 0.0470677 0.0408131 0.0501807 0.0504866 0.0504866 0.0457135 0.0471481 0.0389927 0.0572512 0.0490178 0.0494799 0.0481049 0.0481049 0.0531844 0.0489808 0.0489808 0.0760145 0.0498246 0.0480447 0.0459803 0.0542822 0.0495072 0.0495072 0.0507417 0.0507417 0.0459020 0.0459020 0.0678775 0.0453606 0.0481116 0.0481116 0.0466961 0.0466961 0.0488825 0.0434052 0.0520018 0.0431999 0.0445818 0.0448754 0.0448754 0.0414341 0.0480043 0.0612931 0.0424668 0.0439691 0.0439691 0.0434334 0.0434334 0.0434786 0.0455334 0.0429599 0.0424447 0.0430216 0.0669605 0.0446591 0.0428080 0.0432194 0.0547291 0.0462498 0.0499931 0.0490109 0.0490109 0.0527973 0.0399239 0.0406076 0.0525509 0.0531572 0.0440553 0.0454300 0.0446292 0.0418335 0.0401449 0.0436908 0.0429599 0.0406460 0.0479610 0.0501005 0.0468118 0.0489150 0.0477012 0.0494830 0.0495071 0.0496824 0.0499956 0.0514824 0.0455139 0.0479401 0.0414310 0.0469896 0.0458612 0.0417575 0.0403753 0.0469463 0.0492354 0.0405675 0.0389841 0.0396238 0.0404153 0.0404787 0.0405062 0.0416413 0.0408336 0.0382450 0.0295808 0.0407954 0.0387344 0.0389568 0.0392402 0.0393389 0.0392468 0.0392826 0.0392862 0.0393771 0.0395493 0.0409625 0.0268448 0.0391318 
Baki_20170421_Azerbaijan_1                 0.1557551 0.1404919 0.1292107 0.0544470 0.0258981 0.0183821 0.0056543 0.0128370 0.0060786 0.0350819 0.0050543 0.0165413 0.0067742 0.0195637 0.0145663 0.0265919 0.0487920 0.0000000 0.0134309 0.0122889 0.0065475 0.0102408 0.0225692 0.0079511 0.0123596 0.0091642 0.0084153 0.0070341 0.0060853 0.0119088 0.0119088 0.0095309 0.0082119 0.0049283 0.0139391 0.0081533 0.0101567 0.0070573 0.0070573 0.0147505 0.0130172 0.0130172 0.0275918 0.0073925 0.0091597 0.0109104 0.0111954 0.0101381 0.0101381 0.0098130 0.0098130 0.0087774 0.0087774 0.0196746 0.0085014 0.0060935 0.0060935 0.0094483 0.0094483 0.0104559 0.0067469 0.0096693 0.0098596 0.0078017 0.0070745 0.0070745 0.0064874 0.0108072 0.0193239 0.0088709 0.0108561 0.0108561 0.0101688 0.0101688 0.0123593 0.0122580 0.0108538 0.0098300 0.0102314 0.0217248 0.0085320 0.0080918 0.0077738 0.0161460 0.0109733 0.0120408 0.0087824 0.0087824 0.0164906 0.0092241 0.0095191 0.0142953 0.0157854 0.0067471 0.0095886 0.0095529 0.0088239 0.0088150 0.0084673 0.0081178 0.0088082 0.0112676 0.0107299 0.0111550 0.0112818 0.0095557 0.0112174 0.0101542 0.0099121 0.0112585 0.0101954 0.0089354 0.0105304 0.0392976 0.0103416 0.0084913 0.0059409 0.0052420 0.0094826 0.0127260 0.0055617 0.0055563 0.0057105 0.0059250 0.0045422 0.0068260 0.0064820 0.0058441 0.0045761 0.0036141 0.0065284 0.0055188 0.0051997 0.0055194 0.0055343 0.0051985 0.0045368 0.0051854 0.0048693 0.0062059 0.0042352 0.0055729 0.0049362 
Encinitas_20160101_USA_1                   0.1410739 0.1245015 0.1142447 0.0556883 0.0279650 0.0208890 0.0056515 0.0178353 0.0060708 0.0360094 0.0065550 0.0184196 0.0092419 0.0214800 0.0172135 0.0236097 0.0456462 0.0134309 0.0000000 0.0162293 0.0168135 0.0143706 0.0264190 0.0103580 0.0098209 0.0162142 0.0146916 0.0105124 0.0157470 0.0171626 0.0171626 0.0129411 0.0130544 0.0142071 0.0196892 0.0133386 0.0162028 0.0157532 0.0157532 0.0165370 0.0135393 0.0135393 0.0258704 0.0132841 0.0133081 0.0126590 0.0141640 0.0171530 0.0171530 0.0166060 0.0166060 0.0122065 0.0122065 0.0178222 0.0126028 0.0132947 0.0132947 0.0147367 0.0147367 0.0154368 0.0118521 0.0151196 0.0084146 0.0112166 0.0121938 0.0121938 0.0102144 0.0154030 0.0184977 0.0094782 0.0107783 0.0107783 0.0118329 0.0118329 0.0126321 0.0128637 0.0114915 0.0111523 0.0094676 0.0212204 0.0126926 0.0097547 0.0104523 0.0190858 0.0112164 0.0137801 0.0136958 0.0136958 0.0163382 0.0109556 0.0101664 0.0138523 0.0152702 0.0111934 0.0101785 0.0101584 0.0083924 0.0084058 0.0104526 0.0104680 0.0094116 0.0144002 0.0153379 0.0136386 0.0147810 0.0147222 0.0164446 0.0150058 0.0150997 0.0157318 0.0154438 0.0130699 0.0139542 0.0376247 0.0159813 0.0129749 0.0082911 0.0079626 0.0139932 0.0174113 0.0079156 0.0075386 0.0081009 0.0082973 0.0089312 0.0074365 0.0084877 0.0074942 0.0065723 0.0090671 0.0085264 0.0075138 0.0075480 0.0078555 0.0078709 0.0078632 0.0075420 0.0078627 0.0078838 0.0078736 0.0086510 0.0093194 0.0076513 
Amman_20170421_Jordan_2                    0.1559098 0.1470664 0.1323506 0.0586031 0.0282670 0.0208718 0.0071115 0.0156341 0.0075419 0.0310798 0.0072897 0.0171345 0.0077879 0.0189449 0.0144339 0.0272220 0.0520527 0.0122889 0.0162293 0.0000000 0.0112941 0.0087402 0.0188524 0.0082412 0.0125949 0.0122163 0.0100915 0.0066222 0.0114400 0.0114476 0.0114476 0.0105219 0.0127101 0.0133181 0.0174685 0.0104710 0.0150640 0.0131888 0.0131888 0.0115443 0.0111375 0.0111375 0.0276618 0.0117976 0.0119012 0.0116274 0.0126382 0.0139467 0.0139467 0.0128566 0.0128566 0.0097653 0.0097653 0.0190719 0.0104882 0.0114361 0.0114361 0.0114995 0.0114995 0.0125216 0.0104061 0.0121426 0.0101194 0.0090984 0.0100632 0.0100632 0.0084819 0.0106875 0.0210493 0.0084532 0.0101180 0.0101180 0.0090962 0.0090962 0.0101660 0.0101336 0.0094370 0.0091027 0.0112055 0.0222844 0.0101784 0.0090745 0.0080648 0.0164203 0.0126428 0.0130608 0.0115118 0.0115118 0.0156332 0.0098564 0.0101600 0.0160628 0.0142161 0.0083871 0.0098601 0.0091347 0.0087483 0.0094376 0.0087265 0.0097801 0.0077343 0.0107635 0.0109970 0.0092688 0.0080686 0.0108317 0.0118092 0.0097410 0.0108301 0.0090371 0.0077075 0.0088338 0.0093678 0.0428536 0.0120823 0.0119016 0.0055435 0.0052143 0.0094015 0.0147706 0.0048482 0.0065214 0.0049671 0.0055426 0.0075283 0.0071207 0.0071131 0.0068199 0.0048820 0.0073139 0.0068375 0.0058286 0.0055012 0.0058193 0.0058449 0.0061804 0.0058356 0.0061648 0.0055100 0.0058180 0.0048712 0.0051202 0.0035624 
Khartoum_20170421_Sudan_1                  0.1557393 0.1429280 0.1299591 0.0539346 0.0284121 0.0216448 0.0072159 0.0120783 0.0069156 0.0341208 0.0062747 0.0182352 0.0082841 0.0193131 0.0154470 0.0271121 0.0502544 0.0065475 0.0168135 0.0112941 0.0000000 0.0099208 0.0218823 0.0083752 0.0131396 0.0088565 0.0081440 0.0067065 0.0038158 0.0119989 0.0119989 0.0085462 0.0089660 0.0037546 0.0151175 0.0092243 0.0127263 0.0081559 0.0081559 0.0141998 0.0126964 0.0126964 0.0286489 0.0101897 0.0120593 0.0121575 0.0116822 0.0105709 0.0105709 0.0126947 0.0126947 0.0071462 0.0071462 0.0185283 0.0095789 0.0078222 0.0078222 0.0091904 0.0091904 0.0123232 0.0091918 0.0119674 0.0116545 0.0071651 0.0095298 0.0095298 0.0082344 0.0105378 0.0209511 0.0096153 0.0119735 0.0119735 0.0105836 0.0105836 0.0109200 0.0112966 0.0095550 0.0095550 0.0120935 0.0222491 0.0089190 0.0095570 0.0078233 0.0177811 0.0128271 0.0139859 0.0113030 0.0113030 0.0174141 0.0092363 0.0113779 0.0170472 0.0155782 0.0085125 0.0106994 0.0099564 0.0102445 0.0102623 0.0081510 0.0099289 0.0092022 0.0127227 0.0097086 0.0107832 0.0116814 0.0061715 0.0064853 0.0088355 0.0082164 0.0081869 0.0081783 0.0096762 0.0102292 0.0396860 0.0073541 0.0092281 0.0052766 0.0066436 0.0098473 0.0124038 0.0045802 0.0069519 0.0057364 0.0059687 0.0059206 0.0082307 0.0082436 0.0069112 0.0059749 0.0048425 0.0068989 0.0072593 0.0062527 0.0062249 0.0062418 0.0062466 0.0052321 0.0065765 0.0059125 0.0076154 0.0042654 0.0060364 0.0053082 
AlJafr_20050402_Jordan_1                   0.1528261 0.1420242 0.1282535 0.0528524 0.0257043 0.0192469 0.0056515 0.0123641 0.0060649 0.0323685 0.0065491 0.0160528 0.0063924 0.0185416 0.0141005 0.0250066 0.0477214 0.0102408 0.0143706 0.0087402 0.0099208 0.0000000 0.0162712 0.0078929 0.0115000 0.0101370 0.0104129 0.0045977 0.0073918 0.0080271 0.0080271 0.0067610 0.0088528 0.0080288 0.0135127 0.0084550 0.0115094 0.0094348 0.0094348 0.0132969 0.0093860 0.0093860 0.0272567 0.0111354 0.0087755 0.0081523 0.0104438 0.0097240 0.0097240 0.0094835 0.0094835 0.0094100 0.0094100 0.0182274 0.0084104 0.0081018 0.0081018 0.0101157 0.0101157 0.0111668 0.0111394 0.0100635 0.0100974 0.0050944 0.0100838 0.0100838 0.0067750 0.0094181 0.0198722 0.0077726 0.0094269 0.0094269 0.0070614 0.0070614 0.0090945 0.0094413 0.0084123 0.0077500 0.0105021 0.0222472 0.0081356 0.0073956 0.0057264 0.0163827 0.0094787 0.0130422 0.0101624 0.0101624 0.0149018 0.0063578 0.0105200 0.0138622 0.0138437 0.0067445 0.0071365 0.0077708 0.0087294 0.0090836 0.0047360 0.0077294 0.0063805 0.0054046 0.0048476 0.0075869 0.0070773 0.0067540 0.0077144 0.0040935 0.0047642 0.0031274 0.0028294 0.0025328 0.0028122 0.0373985 0.0062036 0.0084509 0.0025626 0.0038769 0.0053963 0.0091473 0.0035334 0.0032165 0.0019580 0.0038748 0.0061866 0.0054416 0.0061177 0.0048124 0.0029079 0.0048368 0.0044988 0.0045019 0.0041879 0.0044948 0.0041776 0.0038553 0.0035310 0.0045065 0.0035336 0.0051765 0.0032246 0.0023283 0.0022532 
Lisboa_20160225_Portugal_1                 0.1816934 0.1748945 0.1633050 0.0669728 0.0355239 0.0311014 0.0164853 0.0229538 0.0153424 0.0394526 0.0132388 0.0270908 0.0156383 0.0277549 0.0237120 0.0402372 0.0670788 0.0225692 0.0264190 0.0188524 0.0218823 0.0162712 0.0000000 0.0184913 0.0232295 0.0228848 0.0231142 0.0164884 0.0202796 0.0217726 0.0217726 0.0184876 0.0213831 0.0241867 0.0262690 0.0196721 0.0223239 0.0222643 0.0222643 0.0204838 0.0219387 0.0219387 0.0389865 0.0234937 0.0192468 0.0202490 0.0180953 0.0229950 0.0229950 0.0227497 0.0227497 0.0207134 0.0207134 0.0242088 0.0207860 0.0207125 0.0207125 0.0212236 0.0212236 0.0223347 0.0215030 0.0174439 0.0227746 0.0174087 0.0206717 0.0206717 0.0177940 0.0187935 0.0316346 0.0185341 0.0191877 0.0191877 0.0165673 0.0165673 0.0184816 0.0181066 0.0188066 0.0177123 0.0196430 0.0322458 0.0202427 0.0184340 0.0180566 0.0251260 0.0212307 0.0233758 0.0208637 0.0208637 0.0241993 0.0174318 0.0208912 0.0251365 0.0225537 0.0173738 0.0202177 0.0185545 0.0196242 0.0200415 0.0173277 0.0173565 0.0169716 0.0173431 0.0184503 0.0213934 0.0205139 0.0192430 0.0214721 0.0157796 0.0185014 0.0172977 0.0177600 0.0153123 0.0165568 0.0558020 0.0205183 0.0200449 0.0151439 0.0136703 0.0181173 0.0252829 0.0150894 0.0162388 0.0139667 0.0148136 0.0177605 0.0167385 0.0167347 0.0160953 0.0141375 0.0182409 0.0153820 0.0150230 0.0147090 0.0153939 0.0147097 0.0150518 0.0150929 0.0154377 0.0151213 0.0154154 0.0151836 0.0169411 0.0130456 
Honolulu_20161212_USA_1                    0.1431845 0.1305130 0.1194836 0.0492052 0.0213461 0.0148538 0.0013981 0.0093130 0.0014065 0.0302382 0.0021553 0.0120475 0.0023397 0.0136872 0.0094325 0.0201214 0.0427601 0.0079511 0.0103580 0.0082412 0.0083752 0.0078929 0.0184913 0.0000000 0.0072521 0.0075740 0.0061963 0.0029779 0.0081894 0.0095939 0.0095939 0.0052143 0.0076378 0.0066037 0.0130064 0.0072260 0.0082341 0.0081867 0.0081867 0.0086099 0.0082142 0.0082142 0.0225106 0.0082088 0.0075502 0.0076226 0.0080150 0.0095710 0.0095710 0.0089259 0.0089259 0.0041939 0.0041939 0.0131553 0.0048476 0.0068449 0.0068449 0.0058618 0.0058618 0.0065206 0.0055087 0.0077100 0.0058656 0.0038684 0.0048313 0.0048313 0.0032250 0.0061597 0.0152924 0.0045486 0.0051851 0.0051851 0.0041829 0.0041829 0.0057458 0.0058592 0.0041935 0.0038671 0.0055430 0.0171897 0.0052337 0.0035184 0.0025471 0.0123165 0.0075914 0.0062421 0.0058678 0.0058678 0.0097552 0.0047324 0.0042110 0.0108467 0.0083755 0.0032002 0.0045604 0.0032246 0.0038577 0.0032082 0.0028779 0.0028822 0.0025554 0.0075512 0.0087411 0.0084788 0.0079460 0.0069007 0.0082322 0.0081961 0.0079302 0.0089156 0.0085665 0.0069308 0.0075261 0.0332261 0.0089588 0.0055446 0.0016247 0.0009700 0.0065149 0.0096743 0.0009679 0.0019442 0.0016518 0.0012938 0.0032671 0.0015984 0.0009547 0.0009597 0.0012963 0.0016094 0.0019312 0.0016080 0.0012863 0.0016079 0.0016095 0.0016094 0.0016109 0.0016079 0.0016121 0.0019375 0.0016240 0.0015807 0.0013036 
San_Marcos_20160101_USA_1                  0.1397893 0.1240521 0.1112360 0.0551440 0.0271115 0.0196389 0.0038541 0.0140900 0.0046097 0.0367461 0.0050714 0.0172596 0.0064095 0.0182437 0.0149052 0.0204723 0.0420399 0.0123596 0.0098209 0.0125949 0.0131396 0.0115000 0.0232295 0.0072521 0.0000000 0.0118898 0.0111317 0.0063092 0.0135903 0.0135770 0.0135770 0.0108565 0.0113018 0.0121577 0.0179220 0.0112084 0.0126204 0.0128976 0.0128976 0.0136904 0.0114594 0.0114594 0.0236618 0.0118527 0.0118835 0.0109181 0.0126771 0.0135699 0.0135699 0.0129551 0.0129551 0.0087663 0.0087663 0.0164969 0.0101549 0.0104944 0.0104944 0.0105174 0.0105174 0.0119207 0.0084246 0.0122013 0.0063851 0.0077646 0.0087576 0.0087576 0.0081507 0.0111723 0.0168559 0.0077830 0.0087741 0.0087741 0.0091073 0.0091073 0.0101976 0.0101463 0.0077690 0.0077690 0.0067846 0.0184398 0.0088272 0.0077435 0.0077368 0.0138204 0.0098471 0.0109722 0.0115991 0.0115991 0.0138585 0.0084738 0.0067959 0.0138593 0.0131655 0.0077758 0.0095251 0.0081283 0.0070851 0.0057596 0.0070489 0.0071024 0.0060700 0.0115231 0.0135351 0.0103981 0.0115384 0.0118644 0.0128338 0.0128671 0.0125929 0.0128341 0.0129080 0.0102319 0.0111072 0.0344332 0.0136705 0.0108731 0.0055588 0.0048981 0.0111370 0.0144265 0.0048734 0.0051806 0.0056622 0.0052214 0.0061969 0.0057810 0.0061333 0.0051554 0.0042240 0.0056768 0.0061610 0.0044983 0.0045184 0.0048287 0.0048380 0.0051695 0.0048457 0.0051692 0.0048458 0.0051763 0.0055711 0.0059795 0.0045792 
Zerdab_20031114_Azerbaijan_1               0.1492082 0.1366655 0.1259092 0.0526041 0.0276029 0.0187790 0.0052930 0.0135781 0.0053446 0.0372175 0.0050758 0.0180437 0.0078025 0.0178458 0.0152855 0.0241680 0.0472058 0.0091642 0.0162142 0.0122163 0.0088565 0.0101370 0.0228848 0.0075740 0.0118898 0.0000000 0.0050718 0.0066468 0.0080421 0.0129215 0.0129215 0.0088228 0.0116625 0.0091851 0.0160968 0.0094454 0.0115549 0.0083810 0.0083810 0.0140603 0.0101004 0.0101004 0.0278320 0.0100575 0.0115579 0.0116517 0.0130648 0.0100992 0.0100992 0.0087246 0.0087246 0.0080522 0.0080522 0.0187187 0.0091190 0.0094231 0.0094231 0.0074040 0.0074040 0.0104505 0.0073861 0.0096549 0.0097678 0.0084186 0.0097216 0.0097216 0.0085047 0.0097583 0.0207187 0.0091693 0.0101376 0.0101376 0.0081075 0.0081075 0.0112268 0.0111861 0.0101355 0.0091203 0.0112275 0.0223480 0.0047980 0.0080658 0.0077228 0.0160335 0.0123119 0.0119670 0.0104769 0.0104769 0.0164516 0.0091763 0.0098417 0.0156771 0.0157458 0.0080723 0.0102180 0.0094879 0.0084256 0.0084172 0.0077160 0.0091280 0.0074132 0.0122122 0.0106678 0.0096294 0.0094546 0.0098465 0.0111536 0.0108060 0.0119478 0.0118427 0.0094163 0.0098980 0.0104319 0.0382371 0.0132704 0.0084773 0.0058954 0.0052199 0.0093866 0.0132931 0.0048652 0.0055139 0.0053274 0.0045563 0.0051812 0.0067804 0.0071263 0.0061539 0.0042168 0.0052299 0.0054824 0.0054916 0.0041845 0.0048247 0.0045107 0.0051778 0.0045068 0.0048291 0.0041808 0.0058390 0.0045468 0.0047317 0.0042371 
Zerdab_20050412_Azerbaijan_1               0.1547982 0.1406051 0.1274320 0.0529312 0.0260618 0.0182696 0.0049075 0.0147779 0.0049599 0.0361886 0.0057806 0.0167995 0.0056821 0.0177459 0.0140716 0.0250072 0.0470677 0.0084153 0.0146916 0.0100915 0.0081440 0.0104129 0.0231142 0.0061963 0.0111317 0.0050718 0.0000000 0.0059297 0.0079957 0.0135413 0.0135413 0.0070769 0.0095013 0.0083870 0.0167274 0.0087205 0.0114550 0.0089982 0.0089982 0.0121881 0.0093921 0.0093921 0.0260378 0.0086401 0.0111128 0.0101741 0.0115009 0.0093425 0.0093425 0.0107173 0.0107173 0.0060351 0.0060351 0.0172820 0.0077293 0.0100420 0.0100420 0.0066858 0.0066858 0.0096881 0.0060339 0.0095983 0.0083704 0.0077054 0.0083316 0.0083316 0.0074457 0.0107102 0.0183356 0.0077642 0.0094018 0.0094018 0.0080596 0.0080596 0.0108490 0.0107736 0.0087274 0.0083961 0.0104752 0.0214237 0.0064075 0.0066998 0.0063642 0.0137442 0.0115445 0.0112345 0.0087032 0.0087032 0.0156243 0.0095110 0.0091061 0.0141468 0.0142079 0.0066876 0.0087985 0.0080870 0.0077110 0.0077034 0.0070137 0.0080447 0.0067109 0.0118128 0.0099562 0.0089272 0.0080533 0.0097815 0.0104081 0.0107427 0.0118769 0.0110893 0.0093615 0.0095034 0.0096981 0.0386610 0.0128766 0.0074227 0.0048620 0.0045358 0.0086665 0.0111498 0.0038522 0.0048321 0.0046287 0.0035456 0.0044908 0.0051035 0.0054398 0.0041483 0.0032128 0.0043827 0.0048044 0.0038257 0.0031883 0.0031746 0.0035105 0.0038362 0.0031833 0.0035044 0.0031856 0.0054820 0.0032081 0.0027190 0.0032335 
