159
Carlsbad_20160601_USA_1                    0.0000000 0.0002846 0.0521666 0.0016999 0.0969211 0.0045863 0.0033956 0.0060882 0.0043170 0.0065376 0.0045189 0.0045827 0.0002844 0.0034118 0.0003091 0.0043223 0.0005683 0.0011273 0.0204320 0.0067915 0.0046028 0.0050279 0.0002818 0.0008700 0.0037173 0.0047302 0.0002905 0.0008415 0.0043141 0.0031317 0.0019777 0.0064628 0.0014450 0.0064193 0.0141244 0.0037221 0.0002823 0.0799342 0.0098249 0.0034207 0.0028397 0.0046058 0.0014166 0.0042897 0.0054961 0.0089710 0.0037173 0.0031276 0.0037470 0.0031320 0.0047781 0.0002800 0.0011238 0.0008432 0.0002819 0.0064491 0.1801522 0.0016991 0.0061561 0.0092180 0.0002808 0.0486825 0.0005891 0.0016910 0.0031434 0.0002852 0.0005708 0.0002798 0.0005636 0.0089961 0.0022674 0.0031633 0.0037190 0.0028493 0.0165354 0.0025568 0.0005641 0.0054685 0.0002798 0.0026822 0.0040033 0.0025625 0.0063663 0.0025531 0.0114434 0.0043025 0.0836017 0.0045863 0.0002859 0.0040028 0.0031434 0.0040192 0.0016910 0.0002824 0.0016961 0.0054685 0.0034207 0.0251391 0.0002822 0.0091002 0.0031351 0.0051825 0.0376324 0.0086770 0.0043264 0.1472756 0.0034118 0.0484778 0.0091002 0.0008511 0.0020918 0.0028317 0.0011233 0.0221837 0.0054852 0.0005706 0.0002843 0.0051818 0.0006929 0.0046436 0.0014098 0.0086218 0.0040158 0.0034326 0.0028317 0.0460518 0.0011334 0.0063663 0.0045914 0.0014094 0.0046107 0.0062289 0.0034326 0.0028429 0.0002816 0.0025531 0.0054988 0.0043294 0.0040232 0.0068215 0.0002816 0.0051818 0.0014102 0.0003425 0.0016944 0.0031276 0.0002798 0.0002826 0.0002798 0.0014094 0.0158995 0.0048948 0.0037049 0.0037514 0.0089400 0.0157751 0.0193042 0.0022674 0.0031382 
Vysni_Lhoty_20151201_Czech_Republic_1      0.0002846 0.0000000 0.0579254 0.0036702 0.1027821 0.0044164 0.0037014 0.0033757 0.0031189 0.0055285 0.0033406 0.0052141 0.0000010 0.0030919 0.0002999 0.0036589 0.0002562 0.0018017 0.0249326 0.0086341 0.0028488 0.0048554 0.0000010 0.0002602 0.0033686 0.0048309 0.0000010 0.0005089 0.0025880 0.0025738 0.0025788 0.0072649 0.0007852 0.0052814 0.0159418 0.0041725 0.0000010 0.0854074 0.0103137 0.0017957 0.0028358 0.0025901 0.0010287 0.0023222 0.0036437 0.0098888 0.0033686 0.0028393 0.0031338 0.0012820 0.0024050 0.0000010 0.0007646 0.0005093 0.0000010 0.0084074 0.1834100 0.0010254 0.0095268 0.0124054 0.0000010 0.0513486 0.0005673 0.0010212 0.0023217 0.0000010 0.0002584 0.0005084 0.0007689 0.0107458 0.0020537 0.0028725 0.0025736 0.0031092 0.0182733 0.0020620 0.0002543 0.0049726 0.0000010 0.0018839 0.0033734 0.0015452 0.0044211 0.0020521 0.0141023 0.0036235 0.0914233 0.0044164 0.0000010 0.0020579 0.0023217 0.0031056 0.0010212 0.0000010 0.0031061 0.0049726 0.0017957 0.0289925 0.0000010 0.0082288 0.0023203 0.0036428 0.0455677 0.0089882 0.0023318 0.1431181 0.0030919 0.0539042 0.0082288 0.0000010 0.0016167 0.0030875 0.0007640 0.0225647 0.0036395 0.0000010 0.0000010 0.0041685 0.0000010 0.0036795 0.0012804 0.0104142 0.0036305 0.0023171 0.0030875 0.0522038 0.0015555 0.0044211 0.0030969 0.0012785 0.0049725 0.0056311 0.0023171 0.0012865 0.0000010 0.0020521 0.0052547 0.0036505 0.0028605 0.0084465 0.0000010 0.0041685 0.0005089 0.0000010 0.0015380 0.0028393 0.0000010 0.0000010 0.0007637 0.0012785 0.0178019 0.0044527 0.0025760 0.0023431 0.0098415 0.0149270 0.0205122 0.0020537 0.0031246 
Lisboa_20160225_Portugal_3                 0.0521666 0.0579254 0.0000000 0.0648262 0.2869631 0.0714000 0.0891572 0.0721092 0.0679407 0.0814110 0.0536224 0.0786987 0.0636940 0.0701546 0.0469837 0.0708245 0.0654302 0.0700175 0.0794853 0.0664129 0.0739903 0.0785757 0.0646129 0.0660472 0.0671724 0.0730465 0.0534052 0.0679327 0.0718015 0.0720361 0.0714666 0.0772824 0.0660634 0.0755945 0.0731307 0.0749599 0.0646877 0.2468365 0.0724126 0.0707563 0.0665363 0.0696719 0.0702616 0.0676356 0.0706677 0.0748792 0.0671724 0.0720568 0.0710612 0.0706262 0.0761564 0.0651154 0.0658731 0.0666088 0.0645382 0.0714139 0.3152245 0.0658324 0.0687873 0.0779140 0.0643702 0.1211096 0.0573029 0.0660966 0.0709454 0.0638747 0.0644426 0.0692760 0.0677210 0.0734224 0.0703065 0.0702214 0.0706856 0.0677264 0.0906864 0.0726827 0.0640975 0.0734162 0.0655757 0.0729532 0.0704554 0.0696330 0.0717447 0.0709336 0.0755988 0.0686949 0.2643251 0.0714000 0.0637677 0.0698079 0.0709454 0.0712467 0.0660966 0.0647663 0.0679729 0.0734162 0.0707563 0.1352540 0.0641496 0.0792273 0.0692778 0.0707264 0.1134454 0.0733519 0.0709291 0.2684476 0.0701546 0.1656505 0.0792273 0.0689369 0.0730624 0.0703458 0.0690443 0.1269206 0.0723516 0.0649418 0.0624363 0.0703897 0.0881984 0.0726358 0.0665376 0.0685141 0.0700476 0.0687613 0.0703458 0.0877501 0.0700067 0.0717447 0.0674910 0.0670230 0.0701885 0.0743986 0.0687613 0.0654171 0.0645382 0.0709336 0.0706630 0.0728680 0.0699467 0.0709661 0.0644602 0.0703897 0.0685652 0.0832344 0.0669794 0.0720568 0.0664691 0.0661260 0.0690025 0.0670230 0.0820203 0.0714091 0.0688512 0.0675199 0.0941406 0.0826423 0.0767594 0.0703065 0.0685760 
San_Marcos_20151026_USA_1                  0.0016999 0.0036702 0.0648262 0.0000000 0.1227479 0.0108453 0.0100316 0.0108658 0.0103389 0.0126108 0.0075619 0.0113844 0.0038993 0.0088902 0.0015018 0.0097778 0.0046948 0.0070266 0.0298609 0.0114659 0.0103362 0.0112749 0.0044114 0.0050830 0.0095021 0.0108695 0.0018559 0.0056544 0.0103655 0.0094544 0.0083734 0.0122017 0.0058717 0.0112182 0.0212927 0.0103379 0.0044228 0.1032536 0.0140286 0.0094806 0.0080614 0.0094879 0.0065185 0.0097266 0.0103356 0.0110408 0.0095021 0.0094763 0.0092827 0.0086421 0.0109643 0.0046448 0.0053992 0.0067566 0.0044085 0.0124639 0.2005482 0.0064925 0.0117653 0.0181104 0.0041359 0.0599005 0.0022647 0.0072693 0.0092430 0.0041869 0.0041794 0.0059091 0.0065222 0.0142112 0.0078131 0.0090097 0.0097443 0.0084138 0.0220202 0.0083744 0.0046676 0.0114069 0.0041043 0.0082052 0.0097246 0.0084381 0.0122383 0.0088985 0.0197649 0.0106038 0.1109822 0.0108453 0.0042138 0.0086156 0.0092430 0.0097665 0.0072693 0.0044197 0.0075662 0.0114069 0.0094806 0.0388641 0.0044276 0.0163465 0.0083795 0.0105775 0.0460194 0.0132922 0.0103481 0.1576135 0.0088902 0.0618239 0.0163465 0.0060349 0.0079691 0.0088902 0.0064520 0.0315797 0.0108325 0.0055343 0.0047251 0.0114797 0.0057843 0.0107433 0.0062045 0.0152405 0.0103245 0.0092062 0.0088902 0.0597617 0.0059997 0.0122383 0.0102992 0.0075409 0.0106337 0.0122706 0.0092062 0.0081473 0.0044123 0.0088985 0.0103490 0.0112256 0.0092412 0.0107382 0.0044156 0.0114797 0.0067402 0.0057088 0.0064696 0.0094763 0.0051276 0.0044148 0.0062019 0.0075409 0.0247967 0.0105859 0.0094485 0.0090256 0.0161494 0.0213099 0.0264364 0.0078131 0.0083569 
Escondido_20160901_USA_1                   0.0969211 0.1027821 0.2869631 0.1227479 0.0000000 0.1088135 0.0903903 0.1079690 0.1027574 0.0990506 0.1347608 0.1040976 0.0991655 0.1088089 0.0990558 0.1055482 0.1018042 0.1035720 0.1891319 0.1418920 0.1081084 0.1043195 0.0974648 0.0956301 0.1116974 0.1060455 0.1120581 0.1042025 0.1090895 0.1036455 0.1004515 0.1342037 0.1007039 0.1126060 0.1606980 0.1037797 0.0971433 0.0315770 0.1434028 0.1061761 0.1053736 0.1087060 0.1037719 0.1071022 0.1109947 0.1454119 0.1116974 0.1071283 0.1065826 0.1036803 0.1080874 0.1028069 0.1032054 0.1019351 0.0989193 0.1394419 0.5300380 0.1047400 0.1250070 0.1405793 0.1010766 0.2715738 0.0992000 0.1036436 0.1128277 0.1006417 0.1016955 0.1008175 0.1008049 0.1402710 0.1057356 0.1079421 0.1084507 0.1059592 0.1486578 0.1060089 0.0971909 0.1104967 0.1010809 0.1022654 0.1053451 0.1024978 0.1110733 0.1036455 0.1625443 0.1106371 0.0322593 0.1088135 0.0980352 0.1038270 0.1128277 0.1097603 0.1036436 0.0968634 0.1073716 0.1104967 0.1061761 0.0784525 0.0976083 0.1216226 0.1048380 0.1074246 0.1939357 0.1347746 0.1057649 0.5501105 0.1088089 0.2019480 0.1216226 0.0989955 0.0975621 0.1087304 0.1054336 0.0889106 0.1080991 0.0987020 0.1014776 0.1163005 0.0796344 0.1099394 0.1038239 0.1492385 0.1056013 0.1093405 0.1087304 0.2794462 0.1111693 0.1110733 0.1097538 0.1034497 0.1092183 0.1109611 0.1093405 0.1030667 0.0985512 0.1036455 0.1165033 0.1036190 0.1055215 0.1341663 0.0970059 0.1163005 0.1049979 0.0831305 0.1037463 0.1071283 0.1006623 0.1005456 0.0995705 0.1034497 0.1621101 0.1093440 0.1066638 0.1028282 0.1043264 0.1490595 0.1669333 0.1057356 0.1144870 
Rybienko_Stare_20160303_Poland_4           0.0045863 0.0044164 0.0714000 0.0108453 0.1088135 0.0000000 0.0043453 0.0077678 0.0083097 0.0119954 0.0086502 0.0139491 0.0042630 0.0114944 0.0036298 0.0075410 0.0047608 0.0083019 0.0392161 0.0181738 0.0088099 0.0081911 0.0047370 0.0054010 0.0085438 0.0085063 0.0053455 0.0069560 0.0083142 0.0069414 0.0096050 0.0174595 0.0064232 0.0104570 0.0269418 0.0118182 0.0044882 0.0890613 0.0189540 0.0069595 0.0103744 0.0075626 0.0070451 0.0072475 0.0112605 0.0232021 0.0085438 0.0046614 0.0065348 0.0082925 0.0088442 0.0057116 0.0061984 0.0080187 0.0052410 0.0156054 0.1985104 0.0059444 0.0154971 0.0232744 0.0057451 0.0649589 0.0053303 0.0087983 0.0090858 0.0053126 0.0048068 0.0082750 0.0057169 0.0221529 0.0069481 0.0108152 0.0072043 0.0059682 0.0266972 0.0090946 0.0057496 0.0106704 0.0062297 0.0095010 0.0067142 0.0072759 0.0101024 0.0064247 0.0253526 0.0090458 0.0961543 0.0000010 0.0048081 0.0079809 0.0090858 0.0093212 0.0087983 0.0042321 0.0096198 0.0106704 0.0069595 0.0357672 0.0044919 0.0131102 0.0098777 0.0088181 0.0564838 0.0193619 0.0091012 0.1568329 0.0114944 0.0638030 0.0131102 0.0047486 0.0073685 0.0077003 0.0061799 0.0293269 0.0090911 0.0045204 0.0047777 0.0082830 0.0042200 0.0057401 0.0080184 0.0214743 0.0056883 0.0085239 0.0077003 0.0654028 0.0094847 0.0101024 0.0100886 0.0098510 0.0069846 0.0087288 0.0085239 0.0073368 0.0047302 0.0064247 0.0118079 0.0070040 0.0067916 0.0188571 0.0049954 0.0082830 0.0069538 0.0054147 0.0085339 0.0046614 0.0074885 0.0060350 0.0077480 0.0098510 0.0292236 0.0052045 0.0077290 0.0062954 0.0166770 0.0255630 0.0314631 0.0069481 0.0121561 
North_Kurdufan_00000000_Sudan_4            0.0033956 0.0037014 0.0891572 0.0100316 0.0903903 0.0043453 0.0000000 0.0076971 0.0079727 0.0085261 0.0087954 0.0127467 0.0038318 0.0095538 0.0036588 0.0058572 0.0038346 0.0080505 0.0441397 0.0173082 0.0083446 0.0050568 0.0032137 0.0030155 0.0083229 0.0082827 0.0041523 0.0046376 0.0083875 0.0049456 0.0092635 0.0190220 0.0045193 0.0064452 0.0290275 0.0108945 0.0032167 0.0808183 0.0175483 0.0061686 0.0076571 0.0065069 0.0071488 0.0070480 0.0111619 0.0244043 0.0083229 0.0046487 0.0053076 0.0080070 0.0080173 0.0043835 0.0043407 0.0061617 0.0035129 0.0164331 0.2200117 0.0049475 0.0124014 0.0248464 0.0038098 0.0791137 0.0046508 0.0076786 0.0080282 0.0035526 0.0035525 0.0067583 0.0043719 0.0232072 0.0061422 0.0096817 0.0064435 0.0040820 0.0207728 0.0067856 0.0040908 0.0095370 0.0043789 0.0083091 0.0067466 0.0062100 0.0076478 0.0049456 0.0286654 0.0079867 0.0890210 0.0043453 0.0035746 0.0064236 0.0080282 0.0070874 0.0076786 0.0029197 0.0092846 0.0095370 0.0061686 0.0276331 0.0032297 0.0120979 0.0083091 0.0070633 0.0452023 0.0197663 0.0089960 0.2313225 0.0095538 0.0416159 0.0120979 0.0038202 0.0061592 0.0064455 0.0061497 0.0219371 0.0085957 0.0029472 0.0032499 0.0095963 0.0023039 0.0038048 0.0067670 0.0217899 0.0049615 0.0064464 0.0064455 0.0796342 0.0075170 0.0076478 0.0085937 0.0082934 0.0070700 0.0046809 0.0064464 0.0062339 0.0032110 0.0049456 0.0124796 0.0070537 0.0053066 0.0195617 0.0029272 0.0095963 0.0055438 0.0037397 0.0073700 0.0046487 0.0055372 0.0050328 0.0067706 0.0082934 0.0325222 0.0043712 0.0073398 0.0061595 0.0118480 0.0267775 0.0361879 0.0061422 0.0103091 
Amman_20170421_Jordan_1                    0.0060882 0.0033757 0.0721092 0.0108658 0.1079690 0.0077678 0.0076971 0.0000000 0.0064706 0.0120182 0.0081220 0.0137088 0.0029977 0.0088193 0.0052066 0.0052218 0.0045269 0.0091436 0.0393675 0.0185641 0.0078151 0.0062168 0.0042479 0.0027937 0.0091076 0.0048100 0.0050989 0.0051825 0.0062570 0.0093484 0.0085600 0.0178337 0.0045962 0.0080914 0.0257425 0.0118393 0.0037416 0.0933003 0.0197375 0.0072453 0.0093596 0.0026990 0.0078548 0.0039173 0.0078239 0.0229389 0.0091076 0.0062260 0.0073654 0.0075499 0.0053613 0.0059916 0.0059409 0.0075160 0.0044861 0.0156799 0.2021515 0.0054597 0.0155194 0.0226543 0.0049928 0.0616346 0.0056494 0.0080438 0.0093966 0.0037747 0.0027498 0.0072396 0.0067808 0.0209627 0.0067190 0.0078828 0.0074956 0.0088841 0.0270453 0.0078022 0.0047479 0.0085448 0.0057288 0.0087233 0.0039243 0.0057402 0.0088241 0.0088140 0.0253225 0.0098836 0.0998721 0.0077678 0.0025051 0.0054227 0.0093966 0.0080468 0.0080438 0.0037391 0.0104796 0.0085448 0.0072453 0.0377717 0.0042510 0.0120705 0.0091320 0.0064951 0.0557338 0.0185572 0.0046949 0.1493956 0.0088193 0.0655636 0.0120705 0.0045109 0.0071225 0.0085254 0.0064730 0.0297512 0.0046778 0.0027404 0.0042771 0.0083406 0.0039361 0.0081614 0.0085939 0.0208473 0.0096462 0.0080389 0.0085254 0.0666876 0.0078914 0.0088241 0.0080468 0.0096361 0.0112840 0.0082316 0.0080389 0.0062973 0.0044930 0.0088140 0.0118849 0.0078178 0.0055141 0.0182939 0.0045014 0.0083406 0.0056985 0.0029752 0.0085881 0.0062260 0.0067262 0.0055392 0.0077689 0.0096361 0.0279091 0.0057485 0.0077531 0.0039751 0.0155118 0.0231053 0.0306156 0.0067190 0.0108144 
Zerdab_19990507_Azerbaijan_1               0.0043170 0.0031189 0.0679407 0.0103389 0.1027574 0.0083097 0.0079727 0.0064706 0.0000000 0.0103857 0.0087373 0.0126357 0.0035092 0.0088350 0.0048904 0.0067561 0.0040173 0.0080944 0.0353911 0.0179109 0.0070227 0.0078524 0.0039982 0.0027959 0.0083442 0.0074056 0.0042809 0.0062141 0.0086337 0.0083206 0.0083311 0.0170086 0.0048640 0.0086408 0.0251372 0.0104935 0.0034985 0.0882779 0.0191182 0.0072641 0.0088340 0.0044516 0.0073226 0.0034202 0.0104896 0.0217028 0.0083442 0.0077949 0.0068205 0.0080655 0.0072224 0.0044687 0.0044252 0.0057123 0.0039920 0.0154244 0.2056733 0.0044382 0.0146150 0.0217989 0.0039788 0.0638800 0.0047900 0.0075095 0.0086388 0.0035225 0.0030075 0.0070089 0.0059974 0.0198351 0.0083074 0.0086888 0.0090997 0.0060004 0.0245782 0.0080820 0.0042447 0.0095959 0.0044666 0.0086861 0.0059417 0.0044796 0.0098798 0.0077906 0.0247707 0.0091278 0.0947425 0.0083097 0.0025118 0.0054367 0.0086388 0.0091380 0.0075095 0.0032439 0.0088655 0.0095959 0.0072641 0.0346569 0.0034957 0.0142985 0.0088629 0.0090925 0.0532223 0.0182701 0.0052296 0.1579836 0.0088350 0.0672695 0.0142985 0.0047873 0.0065338 0.0085478 0.0064768 0.0282580 0.0067102 0.0035189 0.0024974 0.0091586 0.0045688 0.0087082 0.0075331 0.0201950 0.0072725 0.0086010 0.0085478 0.0646886 0.0081883 0.0098798 0.0091198 0.0072725 0.0080756 0.0120617 0.0086010 0.0073523 0.0039989 0.0077906 0.0102411 0.0096955 0.0081228 0.0174098 0.0037452 0.0091586 0.0062244 0.0029757 0.0075280 0.0077949 0.0057035 0.0045177 0.0072815 0.0072725 0.0279937 0.0105158 0.0080228 0.0029585 0.0161213 0.0221470 0.0312800 0.0083074 0.0110892 
Zerdab_20060505_Azerbaijan_1               0.0065376 0.0055285 0.0814110 0.0126108 0.0990506 0.0119954 0.0085261 0.0120182 0.0103857 0.0000000 0.0117671 0.0158924 0.0056121 0.0113503 0.0054864 0.0091786 0.0056241 0.0086092 0.0385602 0.0186664 0.0067099 0.0092004 0.0055767 0.0051258 0.0100987 0.0126439 0.0060426 0.0073116 0.0092380 0.0091733 0.0114293 0.0187930 0.0044701 0.0130824 0.0258035 0.0124152 0.0058872 0.0864894 0.0202144 0.0055220 0.0079198 0.0098689 0.0083017 0.0110263 0.0129761 0.0229198 0.0100987 0.0082611 0.0080033 0.0076410 0.0111512 0.0061461 0.0070016 0.0052107 0.0055719 0.0187528 0.2190868 0.0073331 0.0147271 0.0275944 0.0052632 0.0728222 0.0063974 0.0060903 0.0095265 0.0038295 0.0056440 0.0079393 0.0073436 0.0214735 0.0094432 0.0096069 0.0113441 0.0082906 0.0261132 0.0101603 0.0061706 0.0114005 0.0064457 0.0076686 0.0106953 0.0086320 0.0097611 0.0091733 0.0298545 0.0088700 0.0918638 0.0119954 0.0044425 0.0107286 0.0095265 0.0094704 0.0060903 0.0058759 0.0098229 0.0114005 0.0055220 0.0322681 0.0052782 0.0142297 0.0079402 0.0079389 0.0507549 0.0198681 0.0124440 0.1899835 0.0113503 0.0554390 0.0142297 0.0065121 0.0055300 0.0085311 0.0085255 0.0239352 0.0100752 0.0050132 0.0041292 0.0110778 0.0049257 0.0099085 0.0067129 0.0235298 0.0097772 0.0073389 0.0085311 0.0746032 0.0090446 0.0097611 0.0091647 0.0064113 0.0101028 0.0108927 0.0073389 0.0058810 0.0058765 0.0091733 0.0082323 0.0104286 0.0068001 0.0200499 0.0055875 0.0110778 0.0063916 0.0053055 0.0064099 0.0082611 0.0067083 0.0046727 0.0079694 0.0064113 0.0335908 0.0114492 0.0072965 0.0101306 0.0144356 0.0253538 0.0316743 0.0094432 0.0127789 
Usti_nad_Labem_20151201_Czech_Republic_1   0.0045189 0.0033406 0.0536224 0.0075619 0.1347608 0.0086502 0.0087954 0.0081220 0.0087373 0.0117671 0.0000000 0.0125996 0.0050536 0.0095906 0.0039488 0.0111573 0.0050443 0.0078402 0.0252716 0.0116821 0.0089805 0.0125918 0.0041668 0.0042967 0.0055067 0.0101876 0.0038745 0.0060755 0.0072422 0.0077966 0.0095869 0.0090385 0.0057200 0.0099822 0.0184876 0.0108244 0.0036011 0.1123890 0.0130586 0.0072216 0.0090061 0.0084508 0.0075841 0.0087010 0.0096130 0.0125077 0.0055067 0.0072178 0.0097091 0.0093367 0.0087380 0.0052621 0.0063705 0.0069449 0.0038753 0.0108940 0.1840861 0.0069656 0.0121017 0.0153593 0.0050041 0.0562037 0.0044962 0.0078208 0.0072547 0.0033548 0.0053732 0.0075344 0.0067087 0.0124371 0.0077830 0.0090672 0.0080712 0.0081747 0.0233057 0.0078421 0.0053017 0.0126042 0.0055512 0.0095088 0.0098664 0.0052688 0.0101524 0.0072134 0.0158354 0.0078113 0.1215527 0.0086502 0.0033673 0.0081011 0.0072547 0.0083836 0.0078208 0.0036015 0.0075464 0.0126042 0.0072216 0.0417528 0.0033181 0.0119552 0.0096378 0.0110977 0.0441633 0.0118505 0.0087459 0.1454707 0.0095906 0.0558078 0.0119552 0.0047434 0.0070750 0.0077587 0.0057824 0.0349116 0.0110871 0.0036294 0.0039182 0.0052144 0.0048629 0.0081495 0.0078495 0.0141309 0.0075163 0.0075258 0.0077587 0.0436831 0.0084815 0.0101524 0.0063533 0.0087221 0.0102010 0.0107367 0.0075258 0.0081453 0.0035920 0.0072134 0.0111543 0.0084361 0.0099510 0.0115551 0.0038819 0.0052144 0.0049302 0.0040876 0.0087215 0.0072178 0.0066632 0.0047380 0.0075262 0.0087221 0.0205602 0.0092595 0.0077914 0.0076449 0.0185992 0.0149280 0.0219009 0.0077830 0.0093484 
Encinitas_20160101_USA_1                   0.0045827 0.0052141 0.0786987 0.0113844 0.1040976 0.0139491 0.0127467 0.0137088 0.0126357 0.0158924 0.0125996 0.0000000 0.0074098 0.0122397 0.0048747 0.0134533 0.0073571 0.0093719 0.0408233 0.0204867 0.0117898 0.0140672 0.0075977 0.0078072 0.0140750 0.0149108 0.0061809 0.0093346 0.0123990 0.0112168 0.0074934 0.0180886 0.0096923 0.0149316 0.0291813 0.0082836 0.0076169 0.0861851 0.0203323 0.0123278 0.0114431 0.0129441 0.0093938 0.0128410 0.0140841 0.0218452 0.0140750 0.0117809 0.0116008 0.0114648 0.0127556 0.0080773 0.0095885 0.0096098 0.0075929 0.0141185 0.2146254 0.0099051 0.0164041 0.0219714 0.0073086 0.0696150 0.0050475 0.0109351 0.0124135 0.0079605 0.0077028 0.0079936 0.0094177 0.0234445 0.0109349 0.0118761 0.0128537 0.0115495 0.0280802 0.0120990 0.0081103 0.0153332 0.0072553 0.0117221 0.0133847 0.0113085 0.0153181 0.0106713 0.0253505 0.0137203 0.0914494 0.0139491 0.0074634 0.0122968 0.0124135 0.0128820 0.0109351 0.0073526 0.0096156 0.0153332 0.0123278 0.0349070 0.0073583 0.0192170 0.0117465 0.0142282 0.0571149 0.0198675 0.0129170 0.1598964 0.0122397 0.0722147 0.0192170 0.0084276 0.0104143 0.0114674 0.0087935 0.0294601 0.0144842 0.0082203 0.0077019 0.0149114 0.0080687 0.0122483 0.0104084 0.0230666 0.0123178 0.0129024 0.0114674 0.0665256 0.0102627 0.0153181 0.0140250 0.0101152 0.0140299 0.0163906 0.0129024 0.0116077 0.0075992 0.0106713 0.0148633 0.0143431 0.0129558 0.0193941 0.0076048 0.0149114 0.0101673 0.0086051 0.0104013 0.0117809 0.0087864 0.0076206 0.0080057 0.0101152 0.0255227 0.0146434 0.0134088 0.0121864 0.0175441 0.0288237 0.0342081 0.0109349 0.0113161 
Greymouth_20160317_New_Zealand_1           0.0002844 0.0000010 0.0636940 0.0038993 0.0991655 0.0042630 0.0038318 0.0029977 0.0035092 0.0056121 0.0050536 0.0074098 0.0000000 0.0042657 0.0003011 0.0030015 0.0004976 0.0022454 0.0303429 0.0125959 0.0035074 0.0038055 0.0000010 0.0005071 0.0037617 0.0046413 0.0002650 0.0004908 0.0037766 0.0032431 0.0032576 0.0109319 0.0010066 0.0048161 0.0188520 0.0053365 0.0000010 0.0838138 0.0133541 0.0024869 0.0024812 0.0027550 0.0019938 0.0027401 0.0042788 0.0147811 0.0037617 0.0032502 0.0027622 0.0019867 0.0036281 0.0000010 0.0004912 0.0014865 0.0000010 0.0091994 0.1910412 0.0002456 0.0099396 0.0160757 0.0000010 0.0555935 0.0008325 0.0019811 0.0040240 0.0000010 0.0000010 0.0012344 0.0012434 0.0144736 0.0012346 0.0035415 0.0029919 0.0027492 0.0201763 0.0035152 0.0000010 0.0055637 0.0000010 0.0025979 0.0027372 0.0020017 0.0052976 0.0027354 0.0180910 0.0042685 0.0921011 0.0042630 0.0000010 0.0027353 0.0040240 0.0040172 0.0019811 0.0000010 0.0035121 0.0055637 0.0024869 0.0292576 0.0000010 0.0087388 0.0029948 0.0030009 0.0485638 0.0121197 0.0035152 0.1462236 0.0042657 0.0592108 0.0087388 0.0007472 0.0018212 0.0029834 0.0007391 0.0230601 0.0037535 0.0000010 0.0000010 0.0045445 0.0000010 0.0043324 0.0009862 0.0146620 0.0042734 0.0029961 0.0029834 0.0586811 0.0025260 0.0052976 0.0042634 0.0022330 0.0047895 0.0051477 0.0029961 0.0020081 0.0000010 0.0027354 0.0048005 0.0040424 0.0025081 0.0104110 0.0000010 0.0045445 0.0009871 0.0000010 0.0007384 0.0032502 0.0002453 0.0002480 0.0014848 0.0022330 0.0206682 0.0037752 0.0032436 0.0027681 0.0097832 0.0182317 0.0239540 0.0012346 0.0053495 
Oswiecim_20160126_Poland_1                 0.0034118 0.0030919 0.0701546 0.0088902 0.1088089 0.0114944 0.0095538 0.0088193 0.0088350 0.0113503 0.0095906 0.0122397 0.0042657 0.0000000 0.0042414 0.0091130 0.0037380 0.0075332 0.0362015 0.0166218 0.0096457 0.0096146 0.0042327 0.0033006 0.0085830 0.0087889 0.0042670 0.0056932 0.0086124 0.0093503 0.0080156 0.0171996 0.0048543 0.0096793 0.0244075 0.0107112 0.0037291 0.0938828 0.0186006 0.0088298 0.0072183 0.0078053 0.0065067 0.0090507 0.0091390 0.0185285 0.0085830 0.0093705 0.0081040 0.0067178 0.0099523 0.0049732 0.0054238 0.0054464 0.0039751 0.0147215 0.1995032 0.0059598 0.0136417 0.0213221 0.0037146 0.0586413 0.0044787 0.0059514 0.0094144 0.0035055 0.0040215 0.0049142 0.0065121 0.0182450 0.0077711 0.0073140 0.0075153 0.0080613 0.0248409 0.0083313 0.0039616 0.0109338 0.0039405 0.0067575 0.0090674 0.0070453 0.0098613 0.0088158 0.0239068 0.0101646 0.0995985 0.0114944 0.0032695 0.0080063 0.0094144 0.0083334 0.0059514 0.0039800 0.0088216 0.0109338 0.0088298 0.0354356 0.0037329 0.0123815 0.0069824 0.0082783 0.0512243 0.0169637 0.0088649 0.1539470 0.0000010 0.0655892 0.0123815 0.0057934 0.0068117 0.0095991 0.0069747 0.0288655 0.0090502 0.0045263 0.0047946 0.0099292 0.0051921 0.0103288 0.0059552 0.0184369 0.0104289 0.0091111 0.0095991 0.0649063 0.0060256 0.0098613 0.0096496 0.0061941 0.0104559 0.0117855 0.0091111 0.0065372 0.0039754 0.0088158 0.0104602 0.0083430 0.0075624 0.0146697 0.0037232 0.0099292 0.0062251 0.0045147 0.0059512 0.0093705 0.0046697 0.0039832 0.0062052 0.0061941 0.0261544 0.0104958 0.0090843 0.0083837 0.0163048 0.0239965 0.0289023 0.0077711 0.0094074 
Escondido_20160601_USA_1                   0.0003091 0.0002999 0.0469837 0.0015018 0.0990558 0.0036298 0.0036588 0.0052066 0.0048904 0.0054864 0.0039488 0.0048747 0.0003011 0.0042414 0.0000000 0.0045864 0.0009038 0.0014979 0.0155512 0.0050862 0.0045687 0.0050489 0.0008987 0.0009244 0.0036497 0.0046895 0.0005978 0.0014936 0.0033370 0.0033272 0.0030181 0.0039773 0.0015369 0.0068022 0.0102837 0.0045910 0.0005987 0.0840946 0.0074882 0.0033214 0.0030136 0.0048919 0.0012014 0.0045588 0.0048882 0.0055687 0.0036497 0.0024011 0.0036659 0.0024084 0.0053977 0.0005957 0.0014938 0.0008926 0.0005978 0.0052260 0.1763845 0.0018023 0.0057907 0.0068299 0.0005976 0.0462952 0.0006191 0.0017948 0.0024123 0.0006053 0.0012132 0.0011924 0.0005971 0.0068771 0.0027147 0.0030302 0.0042562 0.0036365 0.0167227 0.0030184 0.0012004 0.0051817 0.0008952 0.0025270 0.0039384 0.0030222 0.0061241 0.0027112 0.0075765 0.0033263 0.0881092 0.0036298 0.0003026 0.0042503 0.0024123 0.0042634 0.0017948 0.0005988 0.0014964 0.0051817 0.0033214 0.0284645 0.0002989 0.0083613 0.0030196 0.0048731 0.0335783 0.0055805 0.0049118 0.1404719 0.0042414 0.0462510 0.0083613 0.0012034 0.0019018 0.0024003 0.0014917 0.0248905 0.0055091 0.0006043 0.0006028 0.0045804 0.0007511 0.0036522 0.0014963 0.0062329 0.0039438 0.0030244 0.0024003 0.0358496 0.0015036 0.0061241 0.0039344 0.0020988 0.0042633 0.0053119 0.0030244 0.0030098 0.0005972 0.0027112 0.0048960 0.0039738 0.0036445 0.0049345 0.0008979 0.0045804 0.0011949 0.0003710 0.0021002 0.0024011 0.0008927 0.0002992 0.0008927 0.0020988 0.0144243 0.0036334 0.0030149 0.0036747 0.0088465 0.0108083 0.0151654 0.0027147 0.0033423 
Khartoum_20160305_Sudan_1                  0.0043223 0.0036589 0.0708245 0.0097778 0.1055482 0.0075410 0.0058572 0.0052218 0.0067561 0.0091786 0.0111573 0.0134533 0.0030015 0.0091130 0.0045864 0.0000000 0.0047938 0.0088995 0.0391212 0.0173946 0.0072942 0.0010448 0.0037395 0.0030580 0.0107943 0.0047950 0.0051087 0.0059718 0.0092005 0.0099227 0.0096724 0.0185456 0.0040778 0.0094770 0.0255691 0.0115887 0.0040086 0.0908540 0.0188435 0.0083326 0.0082882 0.0039551 0.0062852 0.0051975 0.0108161 0.0220506 0.0107943 0.0062504 0.0055200 0.0075456 0.0072361 0.0057590 0.0054543 0.0067629 0.0045059 0.0154241 0.2086225 0.0049711 0.0146093 0.0220979 0.0047535 0.0642179 0.0053686 0.0070074 0.0108160 0.0032749 0.0027509 0.0075272 0.0054904 0.0214002 0.0067453 0.0073704 0.0094035 0.0078396 0.0257859 0.0088909 0.0042456 0.0064591 0.0049828 0.0084023 0.0026776 0.0073555 0.0091082 0.0093826 0.0254626 0.0113065 0.0988933 0.0075410 0.0025155 0.0064850 0.0108160 0.0086041 0.0070074 0.0034959 0.0096757 0.0064591 0.0083326 0.0358876 0.0040152 0.0146705 0.0088590 0.0041945 0.0550039 0.0176795 0.0070406 0.1534316 0.0091130 0.0657890 0.0146705 0.0040108 0.0057353 0.0091072 0.0072800 0.0287063 0.0021868 0.0037833 0.0040304 0.0111016 0.0045709 0.0079312 0.0072672 0.0196513 0.0094033 0.0091460 0.0091072 0.0666898 0.0076582 0.0091082 0.0107659 0.0083097 0.0083521 0.0087822 0.0091460 0.0044995 0.0042555 0.0093826 0.0099644 0.0097494 0.0027138 0.0177366 0.0039951 0.0111016 0.0065080 0.0036032 0.0067455 0.0062504 0.0057036 0.0052933 0.0075389 0.0083097 0.0287161 0.0049935 0.0088520 0.0044952 0.0158286 0.0234824 0.0309345 0.0067453 0.0105481 
Zastavka_20151201_Czech_Republic_3         0.0005683 0.0002562 0.0654302 0.0046948 0.1018042 0.0047608 0.0038346 0.0045269 0.0040173 0.0056241 0.0050443 0.0073571 0.0004976 0.0037380 0.0009038 0.0047938 0.0000000 0.0024854 0.0312699 0.0125730 0.0035032 0.0057585 0.0004927 0.0000010 0.0047851 0.0057016 0.0005271 0.0007364 0.0045454 0.0032257 0.0027289 0.0117316 0.0010129 0.0053227 0.0197427 0.0055595 0.0004932 0.0827447 0.0142932 0.0029852 0.0037314 0.0027570 0.0017397 0.0040016 0.0058350 0.0156256 0.0047851 0.0034922 0.0037688 0.0024818 0.0049378 0.0007396 0.0009832 0.0014831 0.0004926 0.0088833 0.1913123 0.0017300 0.0102409 0.0166117 0.0004931 0.0548170 0.0011132 0.0022278 0.0042845 0.0002487 0.0007486 0.0014770 0.0012377 0.0147107 0.0034881 0.0040492 0.0037402 0.0027321 0.0208082 0.0032491 0.0004923 0.0063229 0.0004904 0.0025946 0.0047698 0.0032514 0.0057884 0.0027209 0.0189357 0.0042661 0.0879712 0.0047608 0.0000010 0.0034811 0.0042845 0.0042698 0.0022278 0.0004928 0.0040007 0.0063229 0.0029852 0.0280108 0.0004930 0.0100850 0.0029879 0.0042586 0.0495898 0.0129058 0.0042665 0.1440002 0.0037380 0.0617616 0.0100850 0.0009958 0.0020784 0.0037334 0.0014758 0.0235961 0.0050250 0.0004976 0.0007488 0.0053076 0.0009042 0.0043156 0.0014793 0.0155558 0.0039991 0.0034966 0.0037334 0.0582508 0.0017563 0.0057884 0.0045201 0.0022263 0.0050428 0.0075553 0.0034966 0.0030224 0.0004926 0.0027209 0.0060943 0.0045339 0.0035159 0.0118160 0.0004927 0.0053076 0.0017305 0.0002964 0.0017275 0.0034922 0.0007357 0.0000010 0.0017257 0.0022263 0.0215233 0.0055828 0.0045089 0.0037900 0.0106147 0.0197807 0.0242241 0.0034881 0.0048169 
Encinitas_20160301_USA_1                   0.0011273 0.0018017 0.0700175 0.0070266 0.1035720 0.0083019 0.0080505 0.0091436 0.0080944 0.0086092 0.0078402 0.0093719 0.0022454 0.0075332 0.0014979 0.0088995 0.0024854 0.0000000 0.0336654 0.0147934 0.0070295 0.0096778 0.0022264 0.0025394 0.0075826 0.0104799 0.0018454 0.0036906 0.0081146 0.0052027 0.0049503 0.0126687 0.0033103 0.0097387 0.0223073 0.0068029 0.0022320 0.0871049 0.0163605 0.0052164 0.0057184 0.0086637 0.0044732 0.0085958 0.0086404 0.0171159 0.0075826 0.0057127 0.0070874 0.0059860 0.0072662 0.0024575 0.0044509 0.0037050 0.0022251 0.0118561 0.1934837 0.0049712 0.0127801 0.0189911 0.0022193 0.0619861 0.0016582 0.0049556 0.0075977 0.0025054 0.0027623 0.0029376 0.0042288 0.0161971 0.0052075 0.0071048 0.0070179 0.0062700 0.0239217 0.0065301 0.0029778 0.0099303 0.0024537 0.0054589 0.0091216 0.0052537 0.0099210 0.0046919 0.0205817 0.0070437 0.0933477 0.0083019 0.0020086 0.0075282 0.0075977 0.0070332 0.0049556 0.0024819 0.0042012 0.0099303 0.0052164 0.0307109 0.0019810 0.0137979 0.0057368 0.0088709 0.0525941 0.0159116 0.0073094 0.1457774 0.0075332 0.0645592 0.0137979 0.0029876 0.0052224 0.0054484 0.0034273 0.0253600 0.0101842 0.0027565 0.0019970 0.0088993 0.0027181 0.0073732 0.0039485 0.0179223 0.0070222 0.0060085 0.0054484 0.0623984 0.0055424 0.0099210 0.0075576 0.0047043 0.0078440 0.0112989 0.0060085 0.0068512 0.0022269 0.0046919 0.0086346 0.0078615 0.0078759 0.0139201 0.0022285 0.0088993 0.0041994 0.0026926 0.0039458 0.0057127 0.0031906 0.0019783 0.0024462 0.0047043 0.0234094 0.0099951 0.0067489 0.0076444 0.0109996 0.0238426 0.0292058 0.0052075 0.0078610 
Waianae_20161212_USA_1                     0.0204320 0.0249326 0.0794853 0.0298609 0.1891319 0.0392161 0.0441397 0.0393675 0.0353911 0.0385602 0.0252716 0.0408233 0.0303429 0.0362015 0.0155512 0.0391212 0.0312699 0.0336654 0.0000000 0.0350817 0.0366805 0.0429229 0.0304135 0.0313698 0.0358120 0.0404658 0.0223504 0.0330274 0.0366741 0.0360431 0.0369526 0.0317298 0.0323464 0.0401031 0.0229093 0.0382286 0.0297827 0.1636891 0.0381172 0.0349969 0.0337678 0.0368827 0.0333339 0.0359410 0.0385713 0.0340774 0.0358120 0.0367624 0.0348394 0.0352634 0.0400586 0.0305072 0.0319891 0.0306103 0.0300598 0.0361645 0.2815624 0.0327933 0.0318664 0.0490850 0.0292262 0.0894925 0.0248923 0.0322953 0.0347255 0.0292510 0.0300979 0.0327299 0.0332986 0.0326441 0.0359760 0.0349715 0.0366883 0.0339093 0.0459815 0.0356954 0.0306913 0.0396828 0.0304510 0.0357482 0.0384437 0.0334155 0.0375940 0.0352919 0.0452495 0.0356545 0.1746531 0.0392161 0.0298964 0.0363232 0.0347255 0.0364400 0.0322953 0.0301113 0.0334573 0.0396828 0.0349969 0.0798477 0.0294242 0.0426763 0.0345959 0.0389608 0.0742056 0.0344590 0.0374857 0.2174142 0.0362015 0.0806885 0.0426763 0.0327341 0.0363654 0.0344424 0.0333111 0.0702099 0.0399941 0.0314778 0.0292210 0.0381009 0.0399557 0.0372894 0.0323972 0.0338006 0.0362556 0.0346191 0.0344424 0.0590922 0.0332676 0.0375940 0.0352521 0.0320785 0.0363660 0.0421572 0.0346191 0.0321349 0.0300275 0.0352919 0.0363482 0.0385110 0.0362006 0.0308351 0.0297266 0.0381009 0.0323068 0.0379890 0.0327279 0.0367624 0.0316579 0.0296743 0.0332614 0.0320785 0.0539270 0.0389688 0.0348904 0.0350592 0.0498768 0.0418880 0.0366148 0.0359760 0.0353652 
Carlsbad_20160908_USA_1                    0.0067915 0.0086341 0.0664129 0.0114659 0.1418920 0.0181738 0.0173082 0.0185641 0.0179109 0.0186664 0.0116821 0.0204867 0.0125959 0.0166218 0.0050862 0.0173946 0.0125730 0.0147934 0.0350817 0.0000000 0.0179399 0.0197763 0.0125075 0.0131609 0.0176056 0.0184270 0.0069022 0.0135235 0.0170527 0.0166043 0.0169845 0.0209295 0.0144133 0.0192684 0.0290983 0.0189765 0.0125428 0.1170653 0.0151804 0.0175779 0.0165763 0.0173375 0.0133360 0.0178816 0.0172952 0.0221814 0.0176056 0.0172290 0.0170888 0.0159961 0.0190175 0.0118391 0.0135275 0.0141629 0.0124983 0.0155492 0.2232758 0.0138427 0.0102591 0.0242398 0.0118846 0.0652129 0.0095266 0.0144431 0.0170206 0.0123460 0.0129754 0.0135328 0.0133591 0.0238076 0.0163226 0.0156042 0.0175855 0.0157631 0.0234171 0.0169706 0.0124642 0.0194782 0.0121144 0.0154864 0.0178686 0.0161853 0.0194206 0.0159717 0.0242207 0.0185374 0.1279401 0.0181738 0.0124320 0.0162620 0.0170206 0.0185957 0.0144431 0.0125546 0.0156860 0.0194782 0.0175779 0.0480887 0.0122358 0.0233101 0.0160102 0.0182607 0.0470544 0.0215338 0.0189985 0.1713156 0.0166218 0.0729919 0.0233101 0.0143866 0.0142850 0.0171978 0.0141199 0.0444972 0.0182278 0.0132462 0.0126365 0.0185665 0.0144605 0.0178456 0.0141459 0.0157877 0.0182024 0.0172890 0.0171978 0.0629527 0.0136828 0.0194206 0.0169030 0.0141476 0.0179352 0.0199616 0.0172890 0.0151874 0.0125100 0.0159717 0.0182871 0.0190088 0.0161446 0.0191015 0.0125205 0.0185665 0.0138448 0.0123487 0.0141352 0.0172290 0.0126224 0.0125464 0.0147931 0.0141476 0.0291577 0.0182921 0.0168449 0.0174290 0.0248616 0.0275975 0.0327676 0.0163226 0.0160833 
Baki_20170421_Azerbaijan_3                 0.0046028 0.0028488 0.0739903 0.0103362 0.1081084 0.0088099 0.0083446 0.0078151 0.0070227 0.0067099 0.0089805 0.0117898 0.0035074 0.0096457 0.0045687 0.0072942 0.0035032 0.0070295 0.0366805 0.0179399 0.0000000 0.0084928 0.0032244 0.0025410 0.0094162 0.0098927 0.0037169 0.0051939 0.0065183 0.0082974 0.0080648 0.0158036 0.0038111 0.0102563 0.0244173 0.0107570 0.0032377 0.0910901 0.0187498 0.0057021 0.0088144 0.0070572 0.0057268 0.0075204 0.0096837 0.0220130 0.0094162 0.0057136 0.0067976 0.0072654 0.0080823 0.0044601 0.0056980 0.0049375 0.0037240 0.0147914 0.1954475 0.0057150 0.0152240 0.0220802 0.0037173 0.0630505 0.0047757 0.0072326 0.0080885 0.0030038 0.0032620 0.0064912 0.0044497 0.0197621 0.0072281 0.0081131 0.0085452 0.0078210 0.0256916 0.0075568 0.0039876 0.0093867 0.0044617 0.0084183 0.0075004 0.0062769 0.0090652 0.0077689 0.0258004 0.0091020 0.0976843 0.0088099 0.0022559 0.0075146 0.0080885 0.0069856 0.0072326 0.0029793 0.0085806 0.0093867 0.0057021 0.0346935 0.0029789 0.0126056 0.0085778 0.0083079 0.0547348 0.0197598 0.0073194 0.1496663 0.0096457 0.0690068 0.0126056 0.0037412 0.0062846 0.0074862 0.0059483 0.0282590 0.0077776 0.0029954 0.0030030 0.0091510 0.0042541 0.0070881 0.0072552 0.0215860 0.0064490 0.0080533 0.0074862 0.0620236 0.0076559 0.0090652 0.0080457 0.0069959 0.0080111 0.0115282 0.0080533 0.0065352 0.0034813 0.0077689 0.0085804 0.0091701 0.0070601 0.0177064 0.0034773 0.0091510 0.0056972 0.0029831 0.0072504 0.0057136 0.0059583 0.0037427 0.0064849 0.0069959 0.0277265 0.0088883 0.0077714 0.0070954 0.0149360 0.0217691 0.0294168 0.0072281 0.0102791 
Khartoum_20160302_Sudan_1                  0.0050279 0.0048554 0.0785757 0.0112749 0.1043195 0.0081911 0.0050568 0.0062168 0.0078524 0.0092004 0.0125918 0.0140672 0.0038055 0.0096146 0.0050489 0.0010448 0.0057585 0.0096778 0.0429229 0.0197763 0.0084928 0.0000000 0.0046042 0.0035901 0.0114486 0.0053745 0.0061871 0.0070339 0.0102951 0.0107699 0.0108058 0.0206096 0.0049983 0.0102733 0.0284967 0.0126158 0.0049013 0.0907894 0.0206750 0.0087656 0.0087149 0.0051112 0.0076730 0.0061805 0.0117216 0.0241594 0.0114486 0.0065088 0.0062734 0.0087575 0.0081685 0.0065321 0.0061923 0.0076228 0.0051647 0.0178650 0.2147873 0.0056696 0.0160147 0.0252088 0.0054431 0.0734590 0.0061596 0.0078806 0.0114734 0.0043872 0.0035332 0.0087356 0.0062313 0.0234371 0.0076012 0.0088657 0.0099322 0.0090862 0.0258282 0.0096588 0.0051558 0.0070019 0.0059600 0.0087912 0.0034335 0.0085632 0.0101827 0.0107699 0.0287815 0.0120046 0.0972100 0.0081911 0.0032802 0.0073106 0.0114734 0.0090612 0.0078806 0.0043384 0.0105230 0.0070019 0.0087656 0.0338084 0.0049061 0.0147748 0.0093189 0.0050841 0.0528899 0.0193235 0.0082078 0.1779808 0.0096146 0.0583902 0.0147748 0.0051825 0.0059949 0.0101819 0.0084675 0.0244632 0.0034329 0.0046592 0.0043757 0.0123790 0.0045305 0.0080088 0.0076070 0.0227239 0.0099307 0.0096513 0.0101819 0.0750306 0.0089014 0.0101827 0.0119926 0.0095918 0.0096453 0.0073952 0.0096513 0.0051651 0.0051647 0.0107699 0.0117127 0.0102315 0.0034866 0.0197258 0.0046123 0.0123790 0.0076241 0.0044333 0.0073235 0.0065088 0.0067385 0.0063104 0.0081899 0.0095918 0.0323406 0.0062552 0.0090377 0.0053954 0.0162044 0.0250179 0.0348462 0.0076012 0.0120626 
Gava_20131101_Spain_1                      0.0002818 0.0000010 0.0646129 0.0044114 0.0974648 0.0047370 0.0032137 0.0042479 0.0039982 0.0055767 0.0041668 0.0075977 0.0000010 0.0042327 0.0008987 0.0037395 0.0004927 0.0022264 0.0304135 0.0125075 0.0032244 0.0046042 0.0000000 0.0002500 0.0045162 0.0053913 0.0000010 0.0004870 0.0042662 0.0032184 0.0029718 0.0113984 0.0007538 0.0053057 0.0189989 0.0055375 0.0000010 0.0813959 0.0138994 0.0024684 0.0027140 0.0032481 0.0019832 0.0029725 0.0055553 0.0155619 0.0045162 0.0032195 0.0029951 0.0024743 0.0035993 0.0002440 0.0007322 0.0012253 0.0000010 0.0091274 0.1951493 0.0017248 0.0095687 0.0153335 0.0000010 0.0556678 0.0008290 0.0017193 0.0045175 0.0000010 0.0002475 0.0009777 0.0009814 0.0134573 0.0022118 0.0032573 0.0029662 0.0029805 0.0202987 0.0029771 0.0002435 0.0055145 0.0000010 0.0028466 0.0032143 0.0019802 0.0049888 0.0027146 0.0188190 0.0042419 0.0888374 0.0047370 0.0000010 0.0027158 0.0045175 0.0032199 0.0017193 0.0000010 0.0037336 0.0055145 0.0024684 0.0285367 0.0000010 0.0103037 0.0032294 0.0032233 0.0487310 0.0122942 0.0032395 0.1453272 0.0042327 0.0584840 0.0103037 0.0002459 0.0020665 0.0037126 0.0014701 0.0227548 0.0044899 0.0002466 0.0002478 0.0052969 0.0002975 0.0040319 0.0017216 0.0151925 0.0037281 0.0027205 0.0037126 0.0554725 0.0025066 0.0049888 0.0037334 0.0022190 0.0044980 0.0069747 0.0027205 0.0014843 0.0000010 0.0027146 0.0060643 0.0042658 0.0022350 0.0117766 0.0000010 0.0052969 0.0012244 0.0000010 0.0019694 0.0032195 0.0000010 0.0004924 0.0009767 0.0022190 0.0210888 0.0045156 0.0037226 0.0027438 0.0099668 0.0187523 0.0241455 0.0022118 0.0053103 
Ceske_Budejovice_20151201_Czech_Republic_2 0.0008700 0.0002602 0.0660472 0.0050830 0.0956301 0.0054010 0.0030155 0.0027937 0.0027959 0.0051258 0.0042967 0.0078072 0.0005071 0.0033006 0.0009244 0.0030580 0.0000010 0.0025394 0.0313698 0.0131609 0.0025410 0.0035901 0.0002500 0.0000000 0.0038434 0.0041957 0.0005391 0.0002492 0.0033319 0.0038227 0.0033082 0.0116923 0.0005121 0.0046496 0.0192369 0.0059569 0.0002506 0.0810334 0.0146067 0.0020223 0.0027895 0.0017762 0.0022908 0.0022749 0.0051618 0.0159770 0.0038434 0.0030547 0.0035986 0.0020226 0.0023626 0.0005017 0.0010030 0.0007523 0.0002502 0.0099842 0.1908551 0.0017660 0.0104414 0.0163468 0.0002505 0.0561207 0.0014206 0.0017620 0.0041121 0.0002533 0.0005071 0.0012545 0.0010086 0.0150661 0.0030421 0.0033408 0.0035709 0.0035770 0.0208698 0.0025415 0.0005014 0.0048697 0.0005010 0.0023821 0.0030402 0.0022909 0.0048723 0.0033021 0.0196922 0.0040911 0.0879787 0.0054010 0.0000010 0.0020165 0.0041121 0.0030604 0.0017620 0.0002506 0.0043564 0.0048697 0.0020223 0.0275107 0.0002504 0.0097645 0.0027925 0.0030558 0.0497365 0.0129518 0.0022900 0.1451546 0.0033006 0.0598917 0.0097645 0.0007609 0.0018531 0.0038123 0.0017632 0.0216364 0.0033015 0.0002517 0.0005061 0.0049064 0.0003017 0.0044204 0.0015117 0.0156186 0.0043574 0.0027991 0.0038123 0.0577444 0.0020512 0.0048723 0.0038340 0.0020176 0.0048853 0.0066239 0.0027991 0.0015260 0.0002504 0.0033021 0.0062305 0.0043820 0.0022967 0.0120851 0.0002502 0.0049064 0.0010048 0.0000010 0.0017650 0.0030547 0.0004999 0.0002515 0.0015074 0.0020176 0.0217102 0.0049096 0.0030485 0.0022950 0.0102472 0.0183395 0.0245088 0.0030421 0.0051891 
