24
San_Diego_20170713_USA_1 0.0000000 0.1299199 0.2434851 0.3067821 0.2021799 0.1864821 0.1588653 0.1857050 0.1750818 0.1916687 0.1840321 0.1740537 0.1702186 0.1742948 0.1694865 0.1675247 0.1625821 0.1507605 0.1436926 0.1522679 0.1512450 0.1385391 0.1382269 0.1421557 
San_Diego_20170421_USA_1 0.1299199 0.0000000 0.1478676 0.1777468 0.1147301 0.1159422 0.0844341 0.1099300 0.1031016 0.1058130 0.0994672 0.1053333 0.0972492 0.0996521 0.0965170 0.0938181 0.0894255 0.0765050 0.0798420 0.0780767 0.0778090 0.0727547 0.0710131 0.0741279 
San_Diego_20170421_USA_2 0.2434851 0.1478676 0.0000000 0.0738143 0.1086576 0.0863545 0.0937182 0.0781610 0.0752770 0.0765083 0.0763644 0.0723214 0.0693611 0.0684197 0.0676887 0.0633870 0.0654047 0.0813143 0.0805384 0.0726371 0.0735007 0.0669396 0.0623437 0.0666032 
San_Diego_20170711_USA_1 0.3067821 0.1777468 0.0738143 0.0000000 0.1186732 0.0988202 0.1028638 0.0840004 0.0812002 0.0833060 0.0786407 0.0764579 0.0704689 0.0679028 0.0658976 0.0606626 0.0679489 0.0881160 0.0913444 0.0797438 0.0829142 0.0748393 0.0671746 0.0707671 
San_Diego_20170712_USA_1 0.2021799 0.1147301 0.1086576 0.1186732 0.0000000 0.0613583 0.0860768 0.0571717 0.0594919 0.0578689 0.0548674 0.0606017 0.0576429 0.0540421 0.0529771 0.0552484 0.0591635 0.0808807 0.0760727 0.0726554 0.0730351 0.0702169 0.0702521 0.0722507 
San_Diego_20170608_USA_1 0.1864821 0.1159422 0.0863545 0.0988202 0.0613583 0.0000000 0.0731084 0.0517268 0.0511469 0.0556000 0.0504472 0.0525141 0.0496722 0.0453685 0.0448103 0.0404323 0.0543728 0.0639756 0.0671739 0.0579897 0.0643118 0.0560911 0.0536196 0.0594015 
San_Diego_20170722_USA_1 0.1588653 0.0844341 0.0937182 0.1028638 0.0860768 0.0731084 0.0000000 0.0612320 0.0560020 0.0585709 0.0548017 0.0575799 0.0539998 0.0581835 0.0536621 0.0566266 0.0428593 0.0441500 0.0440874 0.0402252 0.0370733 0.0363437 0.0359336 0.0345483 
San_Diego_20170629_USA_2 0.1857050 0.1099300 0.0781610 0.0840004 0.0571717 0.0517268 0.0612320 0.0000000 0.0377356 0.0323449 0.0323363 0.0310039 0.0311925 0.0320143 0.0272157 0.0293417 0.0340244 0.0562696 0.0527315 0.0521929 0.0456691 0.0464888 0.0452146 0.0449401 
San_Diego_20170719_USA_1 0.1750818 0.1031016 0.0752770 0.0812002 0.0594919 0.0511469 0.0560020 0.0377356 0.0000000 0.0374175 0.0336411 0.0295943 0.0306174 0.0329826 0.0293538 0.0297781 0.0367757 0.0544713 0.0524912 0.0531127 0.0497587 0.0471196 0.0452071 0.0482223 
San_Diego_20170731_USA_1 0.1916687 0.1058130 0.0765083 0.0833060 0.0578689 0.0556000 0.0585709 0.0323449 0.0374175 0.0000000 0.0287992 0.0342362 0.0359228 0.0334234 0.0313531 0.0315471 0.0330570 0.0574494 0.0541947 0.0507666 0.0413919 0.0467221 0.0460404 0.0446098 
San_Diego_20170718_USA_1 0.1840321 0.0994672 0.0763644 0.0786407 0.0548674 0.0504472 0.0548017 0.0323363 0.0336411 0.0287992 0.0000000 0.0303450 0.0294611 0.0306915 0.0276588 0.0279575 0.0323602 0.0548750 0.0453266 0.0458886 0.0397264 0.0443363 0.0429486 0.0407148 
San_Diego_20170725_USA_1 0.1740537 0.1053333 0.0723214 0.0764579 0.0606017 0.0525141 0.0575799 0.0310039 0.0295943 0.0342362 0.0303450 0.0000000 0.0236659 0.0310117 0.0221328 0.0245084 0.0309567 0.0574050 0.0465056 0.0502000 0.0441830 0.0459527 0.0433940 0.0419015 
San_Diego_20170720_USA_1 0.1702186 0.0972492 0.0693611 0.0704689 0.0576429 0.0496722 0.0539998 0.0311925 0.0306174 0.0359228 0.0294611 0.0236659 0.0000000 0.0273039 0.0226218 0.0239831 0.0304693 0.0540117 0.0523376 0.0502952 0.0443654 0.0445964 0.0394857 0.0402544 
San_Diego_20170714_USA_1 0.1742948 0.0996521 0.0684197 0.0679028 0.0540421 0.0453685 0.0581835 0.0320143 0.0329826 0.0334234 0.0306915 0.0310117 0.0273039 0.0000000 0.0195386 0.0232330 0.0328307 0.0544139 0.0468116 0.0469074 0.0468679 0.0407079 0.0391885 0.0394982 
San_Diego_20170721_USA_1 0.1694865 0.0965170 0.0676887 0.0658976 0.0529771 0.0448103 0.0536621 0.0272157 0.0293538 0.0313531 0.0276588 0.0221328 0.0226218 0.0195386 0.0000000 0.0209403 0.0301011 0.0532071 0.0455017 0.0463771 0.0419292 0.0393959 0.0405358 0.0382058 
San_Diego_20170710_USA_2 0.1675247 0.0938181 0.0633870 0.0606626 0.0552484 0.0404323 0.0566266 0.0293417 0.0297781 0.0315471 0.0279575 0.0245084 0.0239831 0.0232330 0.0209403 0.0000000 0.0291931 0.0452727 0.0437856 0.0402543 0.0415123 0.0346577 0.0329260 0.0355893 
San_Diego_20170717_USA_1 0.1625821 0.0894255 0.0654047 0.0679489 0.0591635 0.0543728 0.0428593 0.0340244 0.0367757 0.0330570 0.0323602 0.0309567 0.0304693 0.0328307 0.0301011 0.0291931 0.0000000 0.0407931 0.0379273 0.0332207 0.0285446 0.0285241 0.0262721 0.0267342 
San_Diego_20170704_USA_1 0.1507605 0.0765050 0.0813143 0.0881160 0.0808807 0.0639756 0.0441500 0.0562696 0.0544713 0.0574494 0.0548750 0.0574050 0.0540117 0.0544139 0.0532071 0.0452727 0.0407931 0.0000000 0.0326555 0.0247111 0.0337694 0.0249227 0.0261699 0.0272811 
San_Diego_20170601_USA_1 0.1436926 0.0798420 0.0805384 0.0913444 0.0760727 0.0671739 0.0440874 0.0527315 0.0524912 0.0541947 0.0453266 0.0465056 0.0523376 0.0468116 0.0455017 0.0437856 0.0379273 0.0326555 0.0000000 0.0293191 0.0306935 0.0250590 0.0232762 0.0215682 
San_Diego_20170622_USA_1 0.1522679 0.0780767 0.0726371 0.0797438 0.0726554 0.0579897 0.0402252 0.0521929 0.0531127 0.0507666 0.0458886 0.0502000 0.0502952 0.0469074 0.0463771 0.0402543 0.0332207 0.0247111 0.0293191 0.0000000 0.0268733 0.0181505 0.0197117 0.0187583 
San_Diego_20170729_USA_1 0.1512450 0.0778090 0.0735007 0.0829142 0.0730351 0.0643118 0.0370733 0.0456691 0.0497587 0.0413919 0.0397264 0.0441830 0.0443654 0.0468679 0.0419292 0.0415123 0.0285446 0.0337694 0.0306935 0.0268733 0.0000000 0.0176727 0.0195011 0.0169545 
San_Diego_20170710_USA_1 0.1385391 0.0727547 0.0669396 0.0748393 0.0702169 0.0560911 0.0363437 0.0464888 0.0471196 0.0467221 0.0443363 0.0459527 0.0445964 0.0407079 0.0393959 0.0346577 0.0285241 0.0249227 0.0250590 0.0181505 0.0176727 0.0000000 0.0116311 0.0126024 
San_Diego_20170629_USA_1 0.1382269 0.0710131 0.0623437 0.0671746 0.0702521 0.0536196 0.0359336 0.0452146 0.0452071 0.0460404 0.0429486 0.0433940 0.0394857 0.0391885 0.0405358 0.0329260 0.0262721 0.0261699 0.0232762 0.0197117 0.0195011 0.0116311 0.0000000 0.0095072 
San_Diego_20170707_USA_1 0.1421557 0.0741279 0.0666032 0.0707671 0.0722507 0.0594015 0.0345483 0.0449401 0.0482223 0.0446098 0.0407148 0.0419015 0.0402544 0.0394982 0.0382058 0.0355893 0.0267342 0.0272811 0.0215682 0.0187583 0.0169545 0.0126024 0.0095072 0.0000000 
