24
San_Diego_20170725_USA_1 0.0000000 0.0247476 0.0579900 0.0238975 0.1064919 0.0612228 0.0223459 0.0772593 0.0469751 0.0313060 0.0530474 0.0306409 0.0581654 0.0438306 0.0345721 0.0730778 0.0464154 0.0298852 0.0423216 0.0446237 0.0312599 0.0313158 0.1761715 0.0507074 
San_Diego_20170710_USA_2 0.0247476 0.0000000 0.0457239 0.0242164 0.0948338 0.0558098 0.0211426 0.0612850 0.0442251 0.0296270 0.0408341 0.0282295 0.0572030 0.0332507 0.0318558 0.0640397 0.0350010 0.0300699 0.0359426 0.0419290 0.0294800 0.0234587 0.1695430 0.0406545 
San_Diego_20170704_USA_1 0.0579900 0.0457239 0.0000000 0.0545556 0.0773034 0.0817338 0.0537438 0.0890552 0.0329747 0.0568394 0.0646333 0.0554313 0.0445860 0.0264232 0.0580312 0.0821637 0.0251635 0.0550173 0.0275462 0.0340996 0.0411973 0.0549655 0.1525152 0.0249499 
San_Diego_20170720_USA_1 0.0238975 0.0242164 0.0545556 0.0000000 0.0983047 0.0582301 0.0228410 0.0711958 0.0528709 0.0314975 0.0501692 0.0297493 0.0545448 0.0398769 0.0362762 0.0700774 0.0450421 0.0309187 0.0406551 0.0448110 0.0307676 0.0275697 0.1722585 0.0508021 
San_Diego_20170421_USA_1 0.1064919 0.0948338 0.0773034 0.0983047 0.0000000 0.1159988 0.0975679 0.1799010 0.0806810 0.1111358 0.1172302 0.1005524 0.0853309 0.0717521 0.1069762 0.1495897 0.0735078 0.1042248 0.0749025 0.0786304 0.0903967 0.1007462 0.1313717 0.0788990 
San_Diego_20170712_USA_1 0.0612228 0.0558098 0.0817338 0.0582301 0.1159988 0.0000000 0.0535122 0.1199921 0.0768727 0.0577510 0.0619858 0.0554234 0.0869874 0.0709803 0.0584589 0.1098550 0.0709448 0.0600983 0.0730062 0.0737969 0.0597681 0.0545901 0.2047258 0.0734134 
San_Diego_20170721_USA_1 0.0223459 0.0211426 0.0537438 0.0228410 0.0975679 0.0535122 0.0000000 0.0665754 0.0459562 0.0274783 0.0452597 0.0279255 0.0542006 0.0409387 0.0316584 0.0683883 0.0397864 0.0296402 0.0385852 0.0423493 0.0303960 0.0197270 0.1715272 0.0468412 
San_Diego_20170711_USA_1 0.0772593 0.0612850 0.0890552 0.0711958 0.1799010 0.1199921 0.0665754 0.0000000 0.0923311 0.0848784 0.0998912 0.0794677 0.1039843 0.0678748 0.0841831 0.0745874 0.0756269 0.0820530 0.0715116 0.0838007 0.0686540 0.0686059 0.3112103 0.0805898 
San_Diego_20170601_USA_1 0.0469751 0.0442251 0.0329747 0.0528709 0.0806810 0.0768727 0.0459562 0.0923311 0.0000000 0.0532682 0.0678714 0.0457827 0.0445310 0.0235028 0.0547486 0.0813926 0.0253029 0.0530217 0.0217777 0.0309951 0.0383053 0.0472852 0.1453507 0.0296052 
San_Diego_20170629_USA_2 0.0313060 0.0296270 0.0568394 0.0314975 0.1111358 0.0577510 0.0274783 0.0848784 0.0532682 0.0000000 0.0522458 0.0326521 0.0618573 0.0456662 0.0326612 0.0789783 0.0469535 0.0381078 0.0453903 0.0461268 0.0343589 0.0323264 0.1879786 0.0527218 
San_Diego_20170608_USA_1 0.0530474 0.0408341 0.0646333 0.0501692 0.1172302 0.0619858 0.0452597 0.0998912 0.0678714 0.0522458 0.0000000 0.0509577 0.0738627 0.0541647 0.0561644 0.0872763 0.0566657 0.0516646 0.0600134 0.0649799 0.0549236 0.0458213 0.1888021 0.0585822 
San_Diego_20170718_USA_1 0.0306409 0.0282295 0.0554313 0.0297493 0.1005524 0.0554234 0.0279255 0.0794677 0.0457827 0.0326521 0.0509577 0.0000000 0.0553589 0.0433784 0.0290778 0.0771673 0.0447790 0.0339714 0.0411203 0.0401205 0.0326788 0.0309921 0.1863082 0.0463486 
San_Diego_20170722_USA_1 0.0581654 0.0572030 0.0445860 0.0545448 0.0853309 0.0869874 0.0542006 0.1039843 0.0445310 0.0618573 0.0738627 0.0553589 0.0000000 0.0362853 0.0591650 0.0947216 0.0366999 0.0565629 0.0348864 0.0374376 0.0432856 0.0587729 0.1607349 0.0406233 
San_Diego_20170629_USA_1 0.0438306 0.0332507 0.0264232 0.0398769 0.0717521 0.0709803 0.0409387 0.0678748 0.0235028 0.0456662 0.0541647 0.0433784 0.0362853 0.0000000 0.0465031 0.0629846 0.0117417 0.0456577 0.0095979 0.0196896 0.0265278 0.0395806 0.1398095 0.0199016 
San_Diego_20170731_USA_1 0.0345721 0.0318558 0.0580312 0.0362762 0.1069762 0.0584589 0.0316584 0.0841831 0.0547486 0.0326612 0.0561644 0.0290778 0.0591650 0.0465031 0.0000000 0.0773072 0.0471896 0.0377859 0.0450586 0.0418060 0.0333817 0.0337522 0.1940588 0.0512814 
San_Diego_20170421_USA_2 0.0730778 0.0640397 0.0821637 0.0700774 0.1495897 0.1098550 0.0683883 0.0745874 0.0813926 0.0789783 0.0872763 0.0771673 0.0947216 0.0629846 0.0773072 0.0000000 0.0676308 0.0760617 0.0672936 0.0742720 0.0660789 0.0691286 0.2467419 0.0733924 
San_Diego_20170710_USA_1 0.0464154 0.0350010 0.0251635 0.0450421 0.0735078 0.0709448 0.0397864 0.0756269 0.0253029 0.0469535 0.0566657 0.0447790 0.0366999 0.0117417 0.0471896 0.0676308 0.0000000 0.0475899 0.0127229 0.0178431 0.0288014 0.0411138 0.1401303 0.0183249 
San_Diego_20170719_USA_1 0.0298852 0.0300699 0.0550173 0.0309187 0.1042248 0.0600983 0.0296402 0.0820530 0.0530217 0.0381078 0.0516646 0.0339714 0.0565629 0.0456577 0.0377859 0.0760617 0.0475899 0.0000000 0.0487066 0.0502589 0.0371389 0.0333062 0.1772110 0.0536488 
San_Diego_20170707_USA_1 0.0423216 0.0359426 0.0275462 0.0406551 0.0749025 0.0730062 0.0385852 0.0715116 0.0217777 0.0453903 0.0600134 0.0411203 0.0348864 0.0095979 0.0450586 0.0672936 0.0127229 0.0487066 0.0000000 0.0171179 0.0269947 0.0398940 0.1437939 0.0189389 
San_Diego_20170729_USA_1 0.0446237 0.0419290 0.0340996 0.0448110 0.0786304 0.0737969 0.0423493 0.0838007 0.0309951 0.0461268 0.0649799 0.0401205 0.0374376 0.0196896 0.0418060 0.0742720 0.0178431 0.0502589 0.0171179 0.0000000 0.0288224 0.0473430 0.1530135 0.0271350 
San_Diego_20170717_USA_1 0.0312599 0.0294800 0.0411973 0.0307676 0.0903967 0.0597681 0.0303960 0.0686540 0.0383053 0.0343589 0.0549236 0.0326788 0.0432856 0.0265278 0.0333817 0.0660789 0.0288014 0.0371389 0.0269947 0.0288224 0.0000000 0.0331536 0.1645429 0.0335485 
San_Diego_20170714_USA_1 0.0313158 0.0234587 0.0549655 0.0275697 0.1007462 0.0545901 0.0197270 0.0686059 0.0472852 0.0323264 0.0458213 0.0309921 0.0587729 0.0395806 0.0337522 0.0691286 0.0411138 0.0333062 0.0398940 0.0473430 0.0331536 0.0000000 0.1764139 0.0473770 
San_Diego_20170713_USA_1 0.1761715 0.1695430 0.1525152 0.1722585 0.1313717 0.2047258 0.1715272 0.3112103 0.1453507 0.1879786 0.1888021 0.1863082 0.1607349 0.1398095 0.1940588 0.2467419 0.1401303 0.1772110 0.1437939 0.1530135 0.1645429 0.1764139 0.0000000 0.1540457 
San_Diego_20170622_USA_1 0.0507074 0.0406545 0.0249499 0.0508021 0.0788990 0.0734134 0.0468412 0.0805898 0.0296052 0.0527218 0.0585822 0.0463486 0.0406233 0.0199016 0.0512814 0.0733924 0.0183249 0.0536488 0.0189389 0.0271350 0.0335485 0.0473770 0.1540457 0.0000000 
