172
Carlsbad_20160915_USA_1                       0.0000000 0.0841045 0.0422755 0.0378161 0.0444289 0.0518492 0.0459989 0.0483174 0.0397743 0.0449494 0.0425255 0.0758963 0.0276457 0.0434784 0.0453936 0.0560932 0.0382040 0.0551090 0.0365147 0.0389199 0.0389107 0.0486493 0.0591373 0.1400406 0.0432072 0.0814528 0.0524829 0.0378181 0.0475933 0.0422577 0.0441450 0.0536728 0.0440971 0.1414725 0.0554561 0.0857341 0.0489629 0.0584830 0.0399651 0.0409930 0.0494469 0.0500658 0.0446929 0.0382717 0.0486493 0.0409977 0.0496900 0.0389050 0.0397990 0.0383537 0.0368105 0.1268210 0.0512984 0.0533974 0.0454869 0.0377756 0.0397008 0.0424336 0.0354253 0.0458300 0.0483174 0.0394885 0.0398293 0.0404385 0.0518492 0.0458718 0.0408214 0.0432915 0.0441782 0.0445758 0.0533974 0.0519957 0.0441781 0.0418208 0.0606440 0.0462246 0.0421584 0.0425269 0.0411915 0.0541129 0.0505542 0.0445635 0.0389672 0.0901967 0.0441782 0.0496491 0.0374659 0.0386861 0.0526417 0.0433274 0.0768186 0.0436378 0.0403929 0.0404618 0.0433545 0.0473647 0.0521892 0.0432634 0.0359173 0.0531289 0.0660787 0.0548683 0.0441123 0.0499591 0.0435091 0.0502844 0.4639346 0.0441310 0.0415575 0.0398533 0.1040282 0.0394706 0.0417043 0.0408214 0.0418208 0.0376658 0.0453994 0.0762238 0.0470970 0.0410910 0.0480610 0.0441364 0.0505571 0.0432634 0.0464992 0.0373097 0.0433424 0.0394933 0.0637517 0.0434784 0.0388179 0.0392871 0.0541129 0.1857462 0.0425259 0.0418847 0.0468473 0.0456956 0.0402036 0.3160380 0.0853678 0.0410719 0.0439617 0.0491682 0.0425259 0.0509544 0.0445460 0.0442781 0.0383554 0.2377893 0.0456493 0.0458934 0.0505735 0.0410491 0.0330494 0.0566745 0.0435520 0.0458718 0.0490556 0.0459989 0.0543689 0.0476104 0.0401484 0.0389961 0.0441450 0.0391093 0.0526417 0.0357627 0.0467690 0.0367098 0.0390807 0.0375806 
Escondido_20160101_USA_1                      0.0841045 0.0000000 0.0428735 0.0402059 0.0497215 0.0522231 0.0509937 0.0516214 0.0440260 0.0475940 0.0474304 0.0749746 0.0343081 0.0467068 0.0513490 0.0588022 0.0398522 0.0555566 0.0386955 0.0404269 0.0425950 0.0531356 0.0619595 0.1435097 0.0435030 0.0851666 0.0493146 0.0416044 0.0462487 0.0446330 0.0467743 0.0570227 0.0487270 0.1475222 0.0608649 0.1126005 0.0522062 0.0543568 0.0425317 0.0451651 0.0536609 0.0537122 0.0563655 0.0402379 0.0531356 0.0462375 0.0527283 0.0403484 0.0406016 0.0420886 0.0393553 0.1577742 0.0524689 0.0568022 0.0497343 0.0404542 0.0421354 0.0456797 0.0493468 0.0661847 0.0516214 0.0398279 0.0465823 0.0410426 0.0522231 0.0503728 0.0431870 0.0450982 0.0482375 0.0468763 0.0568022 0.0538683 0.0458903 0.0465398 0.0698628 0.0486051 0.0473805 0.0467743 0.0448128 0.0589363 0.0549503 0.0509305 0.0404058 0.0887254 0.0482375 0.0530299 0.0400055 0.0403357 0.0562801 0.0468109 0.0454238 0.0451484 0.0447929 0.0418601 0.0453505 0.0484938 0.0535421 0.0475179 0.0385718 0.0578371 0.0668891 0.0748867 0.0510397 0.0535600 0.0484907 0.0522783 0.4577063 0.0478753 0.0435682 0.0421912 0.1125110 0.0416313 0.0451261 0.0431870 0.0465398 0.0392241 0.0524540 0.0514027 0.0499899 0.0456358 0.0504237 0.0491644 0.0546479 0.0475179 0.0503263 0.0407328 0.0456611 0.0403964 0.0497886 0.0467068 0.0407289 0.0411555 0.0589363 0.2202284 0.0492894 0.0448636 0.0535092 0.0486401 0.0436198 0.3735769 0.0929111 0.0450329 0.0475450 0.0524017 0.0492894 0.0564948 0.0488399 0.0477885 0.0404643 0.2447140 0.0507957 0.0499175 0.0520763 0.0454376 0.0450189 0.0598680 0.0467959 0.0503728 0.0531709 0.0509937 0.0598990 0.0543827 0.0408684 0.0409023 0.0467743 0.0389994 0.0563382 0.0371314 0.0524080 0.0398990 0.0407224 0.0421755 
El_Prat_de_Llobregat_20140501_Spain_1         0.0422755 0.0428735 0.0000000 0.0043773 0.0152081 0.0116799 0.0097043 0.0081678 0.0054941 0.0077536 0.0067250 0.0318154 0.0065156 0.0051274 0.0096769 0.0161147 0.0048842 0.0232812 0.0032789 0.0025389 0.0047417 0.0108333 0.0310414 0.0779256 0.0058554 0.0438978 0.0152541 0.0032666 0.0138570 0.0043695 0.0058510 0.0136373 0.0062250 0.0844812 0.0307480 0.0679003 0.0085598 0.0176689 0.0028986 0.0032656 0.0100694 0.0096888 0.0142139 0.0021731 0.0108333 0.0081496 0.0089399 0.0025368 0.0021766 0.0036338 0.0036482 0.0975344 0.0089019 0.0132348 0.0086556 0.0025774 0.0040141 0.0039908 0.0097686 0.0296022 0.0081678 0.0029044 0.0060233 0.0032732 0.0116799 0.0073617 0.0036240 0.0053421 0.0051048 0.0054793 0.0132348 0.0116782 0.0062412 0.0085614 0.0391250 0.0062356 0.0066309 0.0058510 0.0058877 0.0160365 0.0251761 0.0069919 0.0025398 0.0361121 0.0051048 0.0120978 0.0029139 0.0026072 0.0137269 0.0058721 0.0405726 0.0043632 0.0039989 0.0053285 0.0077694 0.0102753 0.0101352 0.0047790 0.0032722 0.0132996 0.0236251 0.0374630 0.0081550 0.0062332 0.0062737 0.0114369 0.3176596 0.0089630 0.0069917 0.0021925 0.0676977 0.0029025 0.0051206 0.0036240 0.0085614 0.0029044 0.0111097 0.0442394 0.0105123 0.0036832 0.0074406 0.0105084 0.0101664 0.0047790 0.0062355 0.0040056 0.0085340 0.0025377 0.0267789 0.0051274 0.0025356 0.0025325 0.0160365 0.1384703 0.0078200 0.0066513 0.0169445 0.0043657 0.0025283 0.2721016 0.0482634 0.0058585 0.0085110 0.0089816 0.0078200 0.0214082 0.0077499 0.0047502 0.0025524 0.1463756 0.0096092 0.0062484 0.0120866 0.0062304 0.0096394 0.0173013 0.0055007 0.0073617 0.0200960 0.0097043 0.0176629 0.0155886 0.0022003 0.0029044 0.0058510 0.0040066 0.0137390 0.0033391 0.0103792 0.0033688 0.0025313 0.0033119 
Escondido_20160301_USA_1                      0.0378161 0.0402059 0.0043773 0.0000000 0.0124015 0.0126116 0.0125426 0.0118139 0.0053561 0.0094340 0.0080487 0.0333593 0.0049706 0.0083428 0.0121271 0.0193627 0.0028127 0.0231648 0.0010653 0.0025402 0.0031833 0.0113812 0.0297871 0.0809695 0.0068117 0.0415581 0.0129070 0.0024710 0.0119639 0.0068412 0.0083379 0.0141751 0.0083298 0.0841000 0.0289571 0.0668061 0.0122125 0.0200364 0.0035400 0.0057385 0.0133488 0.0137454 0.0161358 0.0028670 0.0113812 0.0064667 0.0133880 0.0025361 0.0039559 0.0028280 0.0003514 0.0981325 0.0125442 0.0169149 0.0111738 0.0040273 0.0042769 0.0061041 0.0108179 0.0284312 0.0118139 0.0029036 0.0073845 0.0046828 0.0126116 0.0102171 0.0053804 0.0056348 0.0087230 0.0072348 0.0169149 0.0145647 0.0076242 0.0072439 0.0357745 0.0090707 0.0083411 0.0083379 0.0053701 0.0172296 0.0226561 0.0109863 0.0025392 0.0412702 0.0087230 0.0121613 0.0021562 0.0033123 0.0149876 0.0083477 0.0384443 0.0068415 0.0057477 0.0028251 0.0068390 0.0096314 0.0142145 0.0087663 0.0007061 0.0170077 0.0261076 0.0367861 0.0094987 0.0125558 0.0076039 0.0111466 0.3315905 0.0076108 0.0057133 0.0043614 0.0650295 0.0042754 0.0071902 0.0053804 0.0072439 0.0021423 0.0108298 0.0409955 0.0121758 0.0065968 0.0107264 0.0091275 0.0138441 0.0087663 0.0098510 0.0021172 0.0079418 0.0025386 0.0261130 0.0083428 0.0028954 0.0032572 0.0172296 0.1402154 0.0091594 0.0075962 0.0161406 0.0094668 0.0046480 0.2708059 0.0446013 0.0068117 0.0079219 0.0126520 0.0091594 0.0217367 0.0109875 0.0091054 0.0025205 0.1585158 0.0129826 0.0094771 0.0137622 0.0075435 0.0120392 0.0189565 0.0083415 0.0102171 0.0196442 0.0125426 0.0176605 0.0131614 0.0036415 0.0025403 0.0083379 0.0031900 0.0150007 0.0018265 0.0109394 0.0029585 0.0035948 0.0050585 
San_Marcos_20160901_USA_1                     0.0444289 0.0497215 0.0152081 0.0124015 0.0000000 0.0217530 0.0248699 0.0222163 0.0164981 0.0212213 0.0197994 0.0444751 0.0054399 0.0190882 0.0229237 0.0323367 0.0156318 0.0225534 0.0125133 0.0127364 0.0140185 0.0221326 0.0282856 0.1049107 0.0181596 0.0450367 0.0243833 0.0136227 0.0219770 0.0173724 0.0182354 0.0235302 0.0182163 0.0968469 0.0328262 0.0701164 0.0226794 0.0314743 0.0152621 0.0165513 0.0234974 0.0239513 0.0239710 0.0129200 0.0221326 0.0164852 0.0240227 0.0127092 0.0141734 0.0140328 0.0120357 0.0980396 0.0234654 0.0265590 0.0220565 0.0148648 0.0148822 0.0152606 0.0173121 0.0366079 0.0222163 0.0131323 0.0180691 0.0145618 0.0217530 0.0207925 0.0148999 0.0168876 0.0191129 0.0165673 0.0265590 0.0258080 0.0170488 0.0174232 0.0445442 0.0194764 0.0182246 0.0182354 0.0165561 0.0302600 0.0217208 0.0211956 0.0127259 0.0581268 0.0191129 0.0238916 0.0125904 0.0149711 0.0275564 0.0186680 0.0461822 0.0165290 0.0153105 0.0151547 0.0182258 0.0199187 0.0250212 0.0186689 0.0112392 0.0281730 0.0375720 0.0406299 0.0214353 0.0230549 0.0194321 0.0211458 0.4053591 0.0204836 0.0169193 0.0155879 0.0780206 0.0144432 0.0186290 0.0148999 0.0174232 0.0125020 0.0226523 0.0535118 0.0244424 0.0164493 0.0219165 0.0195713 0.0245886 0.0186689 0.0199602 0.0123967 0.0195116 0.0127228 0.0402850 0.0190882 0.0130961 0.0134918 0.0302600 0.1555219 0.0196638 0.0191371 0.0123315 0.0194980 0.0140605 0.2718246 0.0625679 0.0181769 0.0194548 0.0232241 0.0196638 0.0258317 0.0207897 0.0191269 0.0134281 0.1951889 0.0226933 0.0208868 0.0230289 0.0190077 0.0183627 0.0313591 0.0177509 0.0207925 0.0206327 0.0248699 0.0285397 0.0110015 0.0135394 0.0131323 0.0182354 0.0144556 0.0275825 0.0123915 0.0205890 0.0133532 0.0133799 0.0149993 
Lodz_20160303_Poland_5                        0.0518492 0.0522231 0.0116799 0.0126116 0.0217530 0.0000000 0.0223428 0.0189962 0.0169367 0.0181536 0.0184522 0.0359211 0.0130813 0.0133504 0.0205986 0.0279842 0.0065412 0.0318096 0.0111745 0.0093620 0.0145493 0.0098844 0.0381058 0.0921702 0.0144796 0.0523995 0.0234972 0.0137762 0.0240975 0.0145211 0.0137305 0.0087385 0.0169140 0.0785561 0.0370689 0.0807383 0.0194238 0.0179666 0.0133714 0.0153250 0.0206352 0.0210578 0.0073353 0.0096183 0.0098844 0.0153255 0.0197823 0.0093463 0.0099875 0.0141685 0.0126688 0.1170810 0.0102631 0.0098547 0.0184263 0.0105598 0.0141943 0.0129722 0.0218093 0.0393323 0.0189962 0.0097381 0.0156838 0.0103956 0.0000010 0.0160842 0.0117957 0.0123694 0.0161030 0.0141602 0.0098547 0.0219438 0.0141442 0.0137385 0.0423594 0.0169568 0.0137507 0.0137305 0.0145647 0.0288237 0.0324281 0.0161010 0.0093579 0.0494677 0.0161030 0.0094992 0.0104498 0.0082940 0.0264205 0.0149189 0.0490324 0.0121628 0.0125661 0.0053127 0.0141312 0.0193879 0.0224242 0.0138449 0.0111219 0.0227526 0.0269781 0.0474627 0.0186196 0.0189509 0.0157444 0.0218404 0.3631883 0.0091904 0.0172920 0.0100534 0.0790692 0.0118160 0.0165633 0.0117957 0.0137385 0.0100130 0.0207561 0.0540446 0.0218818 0.0132350 0.0187438 0.0157219 0.0207971 0.0138449 0.0161015 0.0133989 0.0189592 0.0093557 0.0378885 0.0133504 0.0097097 0.0096977 0.0288237 0.1622633 0.0166354 0.0145549 0.0253282 0.0140754 0.0114400 0.2980108 0.0598000 0.0161399 0.0181466 0.0199171 0.0166354 0.0297318 0.0161028 0.0137601 0.0100967 0.1761479 0.0199649 0.0190254 0.0094787 0.0169219 0.0190991 0.0292793 0.0152640 0.0160842 0.0281743 0.0223428 0.0147586 0.0242675 0.0093184 0.0101494 0.0137305 0.0129700 0.0264446 0.0086637 0.0191107 0.0091253 0.0107864 0.0131542 
Amman_20170421_Jordan_7                       0.0459989 0.0509937 0.0097043 0.0125426 0.0248699 0.0223428 0.0000000 0.0072268 0.0109912 0.0106090 0.0115460 0.0362987 0.0131625 0.0129283 0.0161138 0.0125355 0.0086650 0.0336415 0.0088126 0.0081759 0.0113706 0.0218635 0.0415498 0.0837709 0.0117013 0.0526726 0.0239054 0.0102025 0.0205607 0.0091374 0.0140815 0.0248926 0.0141195 0.1015964 0.0371351 0.0728416 0.0068637 0.0225310 0.0098282 0.0102499 0.0087051 0.0068503 0.0231443 0.0092270 0.0218635 0.0149342 0.0064722 0.0085463 0.0092019 0.0105945 0.0106526 0.1081889 0.0180628 0.0219357 0.0069354 0.0082244 0.0121557 0.0121759 0.0050732 0.0342862 0.0072268 0.0085521 0.0136455 0.0099409 0.0223428 0.0160964 0.0125199 0.0064002 0.0113925 0.0133521 0.0219357 0.0137367 0.0152983 0.0157541 0.0437146 0.0137027 0.0157416 0.0140815 0.0121931 0.0128766 0.0336037 0.0169323 0.0085568 0.0485591 0.0113925 0.0214808 0.0096485 0.0086981 0.0114366 0.0141662 0.0499500 0.0129291 0.0117953 0.0087271 0.0132970 0.0205274 0.0076219 0.0141718 0.0099101 0.0106561 0.0298146 0.0442363 0.0119536 0.0148935 0.0137461 0.0209035 0.3525014 0.0177289 0.0133009 0.0096842 0.0772347 0.0102468 0.0090900 0.0125199 0.0157541 0.0095912 0.0156917 0.0529721 0.0046314 0.0058612 0.0061516 0.0177740 0.0095696 0.0141718 0.0152949 0.0109817 0.0129120 0.0081768 0.0311620 0.0129283 0.0085242 0.0088942 0.0128766 0.1511029 0.0170525 0.0117703 0.0267179 0.0133156 0.0129368 0.3075747 0.0603912 0.0102159 0.0117721 0.0080113 0.0170525 0.0316443 0.0145297 0.0145022 0.0085078 0.1742922 0.0066640 0.0125715 0.0215781 0.0102094 0.0044027 0.0133068 0.0157148 0.0160964 0.0293847 0.0000010 0.0279826 0.0238891 0.0093450 0.0089598 0.0140815 0.0117382 0.0114464 0.0082641 0.0191887 0.0091332 0.0099851 0.0099863 
Amman_20170421_Jordan_5                       0.0483174 0.0516214 0.0081678 0.0118139 0.0222163 0.0189962 0.0072268 0.0000000 0.0098755 0.0117919 0.0127695 0.0362360 0.0102227 0.0117803 0.0145098 0.0153428 0.0082497 0.0312558 0.0084627 0.0062797 0.0121902 0.0201803 0.0394582 0.0806789 0.0113857 0.0514154 0.0235634 0.0110199 0.0227027 0.0061191 0.0133269 0.0223617 0.0125434 0.1005004 0.0388604 0.0750959 0.0017637 0.0234898 0.0098716 0.0083547 0.0046313 0.0035506 0.0212454 0.0061938 0.0201803 0.0141230 0.0028355 0.0066482 0.0069411 0.0106414 0.0103160 0.1084429 0.0165179 0.0193349 0.0028641 0.0066815 0.0106602 0.0091126 0.0034863 0.0355163 0.0000010 0.0066527 0.0125096 0.0076946 0.0189962 0.0141070 0.0110069 0.0079894 0.0098865 0.0113883 0.0193349 0.0090915 0.0117947 0.0165725 0.0467826 0.0121770 0.0117603 0.0133269 0.0122052 0.0144912 0.0337462 0.0136885 0.0066564 0.0477146 0.0098865 0.0206557 0.0073502 0.0075288 0.0126468 0.0087308 0.0494596 0.0114118 0.0118124 0.0087355 0.0157213 0.0172521 0.0050216 0.0122708 0.0095640 0.0075976 0.0315832 0.0453173 0.0123667 0.0125977 0.0126329 0.0184394 0.3526553 0.0161594 0.0121743 0.0066236 0.0786502 0.0079766 0.0114229 0.0110069 0.0165725 0.0069392 0.0173979 0.0551662 0.0046475 0.0043658 0.0017754 0.0186071 0.0050413 0.0122708 0.0137189 0.0117970 0.0141216 0.0062804 0.0354168 0.0117803 0.0066312 0.0069991 0.0144912 0.1507307 0.0137989 0.0133714 0.0240505 0.0087163 0.0091065 0.3078470 0.0588340 0.0117889 0.0125992 0.0028441 0.0137989 0.0287904 0.0144490 0.0121961 0.0066137 0.1731893 0.0029189 0.0118291 0.0165803 0.0125507 0.0023840 0.0161356 0.0117953 0.0141070 0.0271535 0.0072268 0.0275579 0.0230049 0.0062766 0.0070348 0.0133269 0.0125709 0.0126577 0.0074981 0.0161971 0.0067754 0.0073176 0.0119503 
Salfit_20151202_Israel_1                      0.0397743 0.0440260 0.0054941 0.0053561 0.0164981 0.0169367 0.0109912 0.0098755 0.0000000 0.0060828 0.0091748 0.0299694 0.0054328 0.0094361 0.0124752 0.0176979 0.0044514 0.0256867 0.0028600 0.0040119 0.0060829 0.0160585 0.0338967 0.0812247 0.0071689 0.0424042 0.0176594 0.0049819 0.0163201 0.0064532 0.0109627 0.0189763 0.0101987 0.0915814 0.0300454 0.0681596 0.0102658 0.0192026 0.0053453 0.0028230 0.0110127 0.0106373 0.0174538 0.0035939 0.0160585 0.0090691 0.0121901 0.0043761 0.0043209 0.0053453 0.0035558 0.0971551 0.0144724 0.0192829 0.0107554 0.0040265 0.0053625 0.0075762 0.0070965 0.0293760 0.0098755 0.0047493 0.0085280 0.0050443 0.0169367 0.0128740 0.0072071 0.0075635 0.0083354 0.0087032 0.0192829 0.0129662 0.0090957 0.0113944 0.0405927 0.0090531 0.0105740 0.0109627 0.0079483 0.0164077 0.0269442 0.0124928 0.0043814 0.0428564 0.0083354 0.0144906 0.0036105 0.0040650 0.0149582 0.0087068 0.0417047 0.0090860 0.0087234 0.0048948 0.0090604 0.0131240 0.0106939 0.0098929 0.0039281 0.0157639 0.0238034 0.0394135 0.0102658 0.0117651 0.0087260 0.0142777 0.3368937 0.0102289 0.0060829 0.0039933 0.0672963 0.0053481 0.0075532 0.0072071 0.0113944 0.0032258 0.0131944 0.0459255 0.0109952 0.0062282 0.0084303 0.0133394 0.0122533 0.0098929 0.0113460 0.0057138 0.0079299 0.0043804 0.0295915 0.0094361 0.0043650 0.0047285 0.0164077 0.1428353 0.0110408 0.0098212 0.0186669 0.0083178 0.0060982 0.2818117 0.0500473 0.0071735 0.0086801 0.0106906 0.0110408 0.0251599 0.0124779 0.0102299 0.0032463 0.1646194 0.0117555 0.0094604 0.0153435 0.0079077 0.0098458 0.0185022 0.0098492 0.0128740 0.0238930 0.0109912 0.0222196 0.0160136 0.0047595 0.0043835 0.0109627 0.0071910 0.0149712 0.0029356 0.0141161 0.0033268 0.0046902 0.0061610 
Khartoum_20160304_Sudan_1                     0.0449494 0.0475940 0.0077536 0.0094340 0.0212213 0.0181536 0.0106090 0.0117919 0.0060828 0.0000000 0.0084290 0.0352209 0.0091832 0.0105773 0.0128700 0.0193483 0.0048610 0.0297375 0.0046800 0.0062500 0.0079288 0.0188804 0.0387304 0.0865186 0.0082836 0.0475822 0.0213348 0.0075387 0.0196079 0.0083152 0.0121190 0.0201866 0.0136460 0.0950155 0.0347290 0.0749298 0.0114207 0.0179966 0.0064386 0.0068283 0.0121725 0.0110282 0.0178960 0.0050615 0.0188804 0.0102046 0.0125737 0.0066167 0.0057959 0.0071797 0.0072183 0.0993412 0.0148599 0.0197037 0.0123173 0.0047641 0.0086873 0.0079543 0.0083186 0.0313008 0.0117919 0.0069970 0.0088929 0.0068970 0.0181536 0.0148226 0.0105814 0.0083398 0.0102230 0.0083285 0.0197037 0.0137586 0.0117600 0.0125554 0.0407268 0.0094357 0.0125045 0.0121190 0.0083192 0.0176109 0.0310964 0.0128904 0.0066248 0.0443790 0.0102230 0.0164683 0.0058244 0.0044440 0.0161582 0.0090894 0.0456137 0.0102253 0.0121460 0.0053098 0.0086853 0.0167304 0.0103097 0.0102836 0.0076120 0.0161569 0.0260876 0.0414099 0.0102659 0.0129166 0.0090986 0.0170988 0.3336674 0.0125294 0.0079289 0.0043637 0.0736450 0.0079224 0.0071844 0.0105814 0.0125554 0.0054204 0.0139717 0.0510429 0.0113865 0.0088760 0.0099596 0.0145186 0.0126671 0.0102836 0.0124907 0.0082944 0.0046155 0.0062507 0.0327781 0.0105773 0.0065998 0.0069660 0.0176109 0.1442381 0.0122059 0.0101966 0.0230151 0.0086998 0.0086943 0.2937604 0.0555201 0.0068131 0.0105644 0.0126282 0.0122059 0.0281411 0.0113301 0.0106202 0.0047173 0.1675193 0.0121412 0.0098355 0.0165434 0.0082836 0.0111310 0.0193506 0.0132985 0.0148226 0.0278464 0.0106090 0.0252361 0.0210858 0.0066402 0.0066280 0.0121190 0.0113269 0.0161723 0.0044269 0.0149332 0.0055936 0.0069092 0.0080284 
Gatchinskiy_rayon_20160301_Russia_1           0.0425255 0.0474304 0.0067250 0.0080487 0.0197994 0.0184522 0.0115460 0.0127695 0.0091748 0.0084290 0.0000000 0.0391767 0.0103345 0.0088452 0.0142854 0.0176107 0.0045085 0.0284298 0.0043787 0.0052080 0.0069117 0.0179220 0.0365273 0.0854424 0.0091693 0.0484663 0.0191878 0.0061657 0.0170110 0.0088333 0.0092196 0.0200791 0.0122852 0.0935443 0.0330399 0.0718995 0.0127860 0.0191215 0.0057971 0.0076814 0.0143249 0.0143357 0.0206744 0.0047673 0.0179220 0.0130938 0.0139834 0.0051981 0.0062539 0.0057971 0.0062036 0.0940561 0.0135151 0.0191913 0.0113425 0.0052200 0.0080578 0.0080698 0.0122641 0.0304574 0.0127695 0.0055796 0.0071305 0.0066157 0.0184522 0.0111351 0.0099694 0.0072745 0.0092192 0.0107677 0.0191913 0.0172149 0.0119439 0.0143505 0.0398542 0.0084316 0.0100102 0.0092196 0.0084590 0.0158735 0.0288766 0.0119443 0.0052045 0.0421512 0.0092192 0.0159355 0.0051636 0.0037482 0.0136107 0.0103925 0.0454260 0.0095978 0.0103767 0.0058033 0.0111253 0.0137222 0.0151940 0.0066205 0.0062213 0.0197190 0.0278979 0.0424444 0.0106682 0.0123368 0.0073584 0.0149070 0.3210438 0.0111627 0.0091728 0.0040548 0.0724581 0.0076792 0.0050645 0.0099694 0.0143505 0.0055021 0.0124192 0.0477495 0.0111873 0.0090012 0.0124457 0.0159676 0.0136795 0.0066205 0.0103679 0.0061716 0.0103383 0.0052086 0.0299498 0.0088452 0.0051847 0.0055546 0.0158735 0.1404898 0.0120371 0.0107658 0.0215889 0.0077103 0.0080629 0.2838756 0.0518297 0.0046925 0.0103203 0.0144079 0.0120371 0.0283311 0.0119257 0.0069682 0.0047875 0.1585399 0.0135875 0.0077069 0.0200768 0.0084020 0.0122415 0.0188378 0.0111819 0.0111351 0.0256183 0.0115460 0.0238324 0.0188609 0.0055399 0.0052070 0.0092196 0.0091966 0.0136226 0.0052601 0.0157376 0.0068499 0.0066347 0.0062552 
Zerdab_20031114_Azerbaijan_1                  0.0758963 0.0749746 0.0318154 0.0333593 0.0444751 0.0359211 0.0362987 0.0362360 0.0299694 0.0352209 0.0391767 0.0000000 0.0249456 0.0386430 0.0363222 0.0406428 0.0263434 0.0523236 0.0296155 0.0291719 0.0328859 0.0317850 0.0619553 0.1293342 0.0332187 0.0721995 0.0475673 0.0328722 0.0431116 0.0328241 0.0371556 0.0377239 0.0357116 0.1154279 0.0594399 0.1066894 0.0367496 0.0341643 0.0342519 0.0308916 0.0361112 0.0356696 0.0310830 0.0315359 0.0317850 0.0359715 0.0382188 0.0294887 0.0319552 0.0324161 0.0312243 0.1472195 0.0347859 0.0319271 0.0362364 0.0286845 0.0334629 0.0337324 0.0305708 0.0638030 0.0362360 0.0299658 0.0371252 0.0328912 0.0359211 0.0395213 0.0338518 0.0312562 0.0371649 0.0351603 0.0319271 0.0397130 0.0357730 0.0357774 0.0701539 0.0385718 0.0364862 0.0371556 0.0351762 0.0438802 0.0559205 0.0340795 0.0295290 0.0816018 0.0371649 0.0329001 0.0312567 0.0262230 0.0407453 0.0334424 0.0706807 0.0348110 0.0344073 0.0253792 0.0366962 0.0420683 0.0364687 0.0359454 0.0308165 0.0402547 0.0182366 0.0723129 0.0370545 0.0366255 0.0376706 0.0438060 0.4253318 0.0339271 0.0333356 0.0312524 0.1050757 0.0333529 0.0343115 0.0338518 0.0357774 0.0311034 0.0422476 0.0797986 0.0377180 0.0298897 0.0332676 0.0381935 0.0398380 0.0359454 0.0395164 0.0323487 0.0325023 0.0290826 0.0580129 0.0386430 0.0299367 0.0304248 0.0438802 0.2150446 0.0377727 0.0352508 0.0483892 0.0370801 0.0333559 0.3416947 0.0905749 0.0347068 0.0342853 0.0364549 0.0377727 0.0530747 0.0385242 0.0367741 0.0302992 0.2357235 0.0364673 0.0367015 0.0312359 0.0319464 0.0294566 0.0429256 0.0369743 0.0395213 0.0512833 0.0362987 0.0393765 0.0453233 0.0309888 0.0295470 0.0371556 0.0334353 0.0407850 0.0270594 0.0397280 0.0284976 0.0291244 0.0332557 
Baki_20170421_Azerbaijan_4                    0.0276457 0.0343081 0.0065156 0.0049706 0.0054399 0.0130813 0.0131625 0.0102227 0.0054328 0.0091832 0.0103345 0.0249456 0.0000000 0.0101748 0.0155201 0.0203494 0.0045802 0.0072915 0.0040921 0.0032296 0.0040484 0.0126040 0.0142052 0.1137670 0.0086976 0.0122550 0.0176637 0.0049683 0.0107115 0.0068332 0.0110996 0.0146161 0.0077674 0.1005950 0.0172480 0.0466669 0.0116886 0.0169834 0.0068183 0.0058982 0.0141258 0.0136416 0.0143019 0.0045551 0.0126040 0.0063497 0.0131618 0.0036904 0.0059588 0.0049702 0.0040629 0.0683008 0.0150512 0.0160571 0.0131951 0.0059929 0.0068396 0.0045153 0.0112188 0.0201770 0.0102227 0.0041612 0.0110646 0.0059462 0.0130813 0.0125551 0.0063718 0.0081726 0.0111229 0.0077915 0.0160571 0.0161738 0.0092422 0.0097043 0.0300542 0.0101531 0.0115624 0.0106219 0.0072961 0.0186741 0.0078295 0.0135339 0.0036960 0.0554377 0.0111229 0.0140714 0.0045778 0.0065734 0.0171587 0.0073151 0.0243801 0.0077602 0.0063746 0.0061636 0.0096562 0.0123683 0.0137238 0.0116081 0.0040670 0.0172702 0.0191644 0.0251180 0.0112628 0.0145907 0.0110646 0.0148384 0.5005609 0.0126001 0.0045087 0.0069428 0.0577938 0.0063596 0.0082410 0.0063718 0.0097043 0.0040865 0.0133961 0.0434746 0.0126800 0.0046273 0.0107520 0.0121375 0.0142391 0.0116081 0.0125742 0.0054342 0.0072975 0.0036949 0.0265046 0.0101748 0.0036785 0.0041380 0.0186741 0.1617615 0.0116290 0.0106398 0.0063632 0.0091913 0.0059009 0.2376516 0.0521775 0.0063584 0.0026942 0.0122410 0.0116290 0.0077487 0.0125668 0.0116081 0.0050391 0.2316745 0.0131991 0.0111521 0.0087428 0.0077495 0.0123779 0.0198297 0.0096352 0.0125551 0.0073131 0.0131625 0.0195985 0.0068279 0.0051043 0.0041612 0.0110996 0.0073089 0.0171587 0.0046154 0.0100467 0.0065690 0.0040976 0.0083159 
Oswiecim_20160126_Poland_1                    0.0434784 0.0467068 0.0051274 0.0083428 0.0190882 0.0133504 0.0129283 0.0117803 0.0094361 0.0105773 0.0088452 0.0386430 0.0101748 0.0000000 0.0128775 0.0165374 0.0040446 0.0279710 0.0046927 0.0029103 0.0087107 0.0169150 0.0344037 0.0844071 0.0079114 0.0484391 0.0172491 0.0075796 0.0180124 0.0072079 0.0079530 0.0198397 0.0102125 0.0901600 0.0347863 0.0706818 0.0121776 0.0191717 0.0064657 0.0072159 0.0160702 0.0148983 0.0169602 0.0035988 0.0169150 0.0117306 0.0125330 0.0029049 0.0035856 0.0072113 0.0068779 0.0996786 0.0129100 0.0169098 0.0115401 0.0036565 0.0079655 0.0090882 0.0124844 0.0325534 0.0117803 0.0032739 0.0077626 0.0035881 0.0133504 0.0094806 0.0072024 0.0099529 0.0098263 0.0098422 0.0169098 0.0145467 0.0102054 0.0117539 0.0407936 0.0075857 0.0072226 0.0079530 0.0072298 0.0201051 0.0284494 0.0090865 0.0029084 0.0438396 0.0098263 0.0145377 0.0039838 0.0036994 0.0178361 0.0083367 0.0441123 0.0075874 0.0087176 0.0049001 0.0098187 0.0139478 0.0149788 0.0061454 0.0054019 0.0169575 0.0301603 0.0401906 0.0118846 0.0109892 0.0079748 0.0167070 0.3340330 0.0110168 0.0113365 0.0039939 0.0697128 0.0053578 0.0064840 0.0072024 0.0117539 0.0039568 0.0136629 0.0476376 0.0125175 0.0081190 0.0114882 0.0137000 0.0126532 0.0061454 0.0091062 0.0083311 0.0132629 0.0029107 0.0283386 0.0000010 0.0028976 0.0028941 0.0201051 0.1396650 0.0099136 0.0083207 0.0217550 0.0057171 0.0068497 0.2883340 0.0534876 0.0068418 0.0121329 0.0126157 0.0099136 0.0255441 0.0090773 0.0064885 0.0032510 0.1618707 0.0121086 0.0098763 0.0189337 0.0098151 0.0119694 0.0197485 0.0094534 0.0094806 0.0243903 0.0129283 0.0213405 0.0185928 0.0032746 0.0032830 0.0079530 0.0075644 0.0178518 0.0040539 0.0153433 0.0056013 0.0054409 0.0058141 
Lodz_20160303_Poland_1                        0.0453936 0.0513490 0.0096769 0.0121271 0.0229237 0.0205986 0.0161138 0.0145098 0.0124752 0.0128700 0.0142854 0.0363222 0.0155201 0.0128775 0.0000000 0.0225916 0.0086280 0.0323496 0.0087934 0.0085391 0.0132910 0.0164004 0.0407424 0.0943744 0.0124588 0.0537801 0.0225602 0.0121025 0.0229911 0.0109566 0.0137011 0.0214019 0.0160308 0.0903038 0.0367606 0.0777940 0.0149179 0.0258407 0.0101942 0.0125128 0.0156747 0.0145055 0.0187557 0.0084223 0.0164004 0.0105282 0.0160983 0.0088993 0.0095465 0.0117358 0.0106393 0.1072737 0.0192744 0.0180200 0.0150939 0.0089253 0.0132938 0.0125031 0.0150321 0.0369484 0.0145098 0.0092872 0.0128406 0.0103046 0.0205986 0.0168407 0.0136842 0.0115417 0.0133183 0.0117259 0.0180200 0.0184952 0.0160584 0.0105850 0.0437178 0.0148267 0.0136090 0.0137011 0.0125217 0.0246791 0.0337885 0.0094161 0.0089103 0.0533905 0.0133183 0.0156649 0.0092216 0.0067164 0.0227878 0.0132857 0.0512449 0.0156656 0.0145129 0.0086865 0.0144592 0.0183681 0.0169687 0.0157569 0.0098868 0.0197816 0.0246221 0.0434129 0.0143089 0.0113634 0.0125676 0.0187095 0.3450978 0.0164735 0.0159961 0.0092612 0.0772312 0.0105620 0.0132766 0.0136842 0.0105850 0.0087841 0.0201992 0.0533184 0.0172905 0.0115966 0.0142328 0.0125097 0.0182010 0.0157569 0.0156404 0.0128774 0.0156006 0.0081538 0.0355003 0.0128775 0.0092632 0.0096544 0.0246791 0.1496016 0.0133145 0.0144596 0.0252647 0.0128755 0.0125144 0.2926717 0.0600727 0.0128847 0.0184250 0.0161690 0.0133145 0.0312099 0.0128678 0.0160846 0.0073290 0.1765816 0.0161912 0.0152976 0.0197463 0.0152008 0.0146158 0.0225603 0.0132434 0.0168407 0.0291148 0.0161138 0.0212370 0.0223627 0.0089192 0.0085369 0.0137011 0.0124989 0.0228081 0.0063025 0.0164606 0.0074998 0.0110959 0.0107107 
Wamba_20091125_Nigeria_1                      0.0560932 0.0588022 0.0161147 0.0193627 0.0323367 0.0279842 0.0125355 0.0153428 0.0176979 0.0193483 0.0176107 0.0406428 0.0203494 0.0165374 0.0225916 0.0000000 0.0121102 0.0400099 0.0147105 0.0137166 0.0181171 0.0256692 0.0488978 0.0966454 0.0184159 0.0629065 0.0300379 0.0176861 0.0288669 0.0177503 0.0205938 0.0306022 0.0226803 0.1056669 0.0451465 0.0816218 0.0165464 0.0273085 0.0180892 0.0169304 0.0173198 0.0169305 0.0294071 0.0155526 0.0256692 0.0239587 0.0169036 0.0140807 0.0151033 0.0172911 0.0173888 0.1210661 0.0235357 0.0265715 0.0159224 0.0129598 0.0189545 0.0197988 0.0146465 0.0430270 0.0153428 0.0140908 0.0202451 0.0150882 0.0279842 0.0214632 0.0185188 0.0148799 0.0197633 0.0218750 0.0265715 0.0173516 0.0214257 0.0248438 0.0538926 0.0181525 0.0202666 0.0205938 0.0193941 0.0181070 0.0399630 0.0197657 0.0140984 0.0584985 0.0197633 0.0231267 0.0160328 0.0131281 0.0170245 0.0214696 0.0575226 0.0202029 0.0193958 0.0139965 0.0205257 0.0279349 0.0178269 0.0182829 0.0166195 0.0206865 0.0362045 0.0517452 0.0224579 0.0193231 0.0202136 0.0300678 0.3870535 0.0227591 0.0185154 0.0152614 0.0872972 0.0173011 0.0153571 0.0185188 0.0248438 0.0159232 0.0228678 0.0614041 0.0140869 0.0140499 0.0142708 0.0270079 0.0122690 0.0182829 0.0214736 0.0177034 0.0213740 0.0137180 0.0411507 0.0165374 0.0140435 0.0140579 0.0181070 0.1641569 0.0241897 0.0181213 0.0343198 0.0193412 0.0189696 0.3165158 0.0695638 0.0165176 0.0201717 0.0170173 0.0241897 0.0392632 0.0210393 0.0186079 0.0148247 0.1887934 0.0165895 0.0202456 0.0267147 0.0184774 0.0141842 0.0049935 0.0222818 0.0214632 0.0370055 0.0125355 0.0315028 0.0302795 0.0153625 0.0141381 0.0205938 0.0184963 0.0170394 0.0134413 0.0283676 0.0151786 0.0167617 0.0155161 
Greymouth_20160317_New_Zealand_1              0.0382040 0.0398522 0.0048842 0.0028127 0.0156318 0.0065412 0.0086650 0.0082497 0.0044514 0.0048610 0.0045085 0.0263434 0.0045802 0.0040446 0.0086280 0.0121102 0.0000000 0.0236128 0.0024071 0.0024175 0.0032174 0.0077845 0.0311796 0.0898547 0.0040284 0.0404301 0.0143339 0.0024071 0.0127790 0.0036269 0.0052733 0.0082356 0.0069417 0.0845303 0.0298909 0.0606914 0.0086880 0.0121231 0.0024071 0.0028180 0.0099542 0.0095311 0.0088899 0.0028151 0.0077845 0.0065310 0.0095408 0.0024159 0.0028151 0.0024071 0.0028127 0.1035469 0.0061099 0.0090815 0.0087553 0.0024379 0.0036394 0.0040348 0.0090218 0.0282919 0.0082497 0.0028230 0.0049745 0.0028215 0.0065412 0.0069323 0.0036269 0.0041646 0.0044489 0.0044489 0.0090815 0.0112760 0.0057083 0.0061263 0.0291401 0.0044495 0.0057030 0.0056861 0.0040453 0.0160799 0.0231270 0.0052729 0.0024159 0.0394746 0.0044489 0.0065473 0.0024169 0.0020359 0.0130512 0.0044531 0.0388903 0.0040385 0.0040456 0.0029588 0.0048537 0.0101587 0.0100265 0.0040773 0.0028177 0.0121500 0.0187603 0.0359287 0.0063988 0.0061021 0.0048831 0.0110097 0.3148273 0.0052997 0.0048541 0.0024266 0.0622974 0.0024071 0.0032188 0.0036269 0.0061263 0.0028151 0.0083772 0.0385502 0.0086686 0.0041018 0.0078596 0.0082423 0.0095585 0.0040773 0.0052740 0.0024071 0.0061170 0.0024175 0.0219939 0.0040446 0.0024159 0.0024175 0.0160799 0.1433561 0.0070082 0.0048753 0.0165761 0.0040348 0.0028151 0.2772057 0.0425607 0.0036234 0.0065199 0.0091578 0.0070082 0.0205590 0.0061129 0.0040540 0.0028196 0.1630882 0.0102500 0.0052910 0.0082342 0.0044416 0.0093236 0.0125243 0.0057076 0.0069323 0.0197339 0.0086650 0.0132831 0.0141542 0.0028382 0.0024175 0.0052733 0.0036318 0.0130639 0.0028643 0.0093218 0.0020388 0.0024146 0.0032435 
Encinitas_20160901_USA_1                      0.0551090 0.0555566 0.0232812 0.0231648 0.0225534 0.0318096 0.0336415 0.0312558 0.0256867 0.0297375 0.0284298 0.0523236 0.0072915 0.0279710 0.0323496 0.0400099 0.0236128 0.0000000 0.0207421 0.0206985 0.0231187 0.0307400 0.0306264 0.1189359 0.0256641 0.0564584 0.0360242 0.0222496 0.0315171 0.0261584 0.0244549 0.0341756 0.0261737 0.1175742 0.0420735 0.0718655 0.0317508 0.0401039 0.0244085 0.0248045 0.0316494 0.0321268 0.0340994 0.0208054 0.0307400 0.0260768 0.0322531 0.0206529 0.0216212 0.0222553 0.0214838 0.1132244 0.0307815 0.0358938 0.0302536 0.0201586 0.0235893 0.0230747 0.0245535 0.0424102 0.0312558 0.0211006 0.0272445 0.0220314 0.0318096 0.0279819 0.0222682 0.0266699 0.0275340 0.0244068 0.0358938 0.0350399 0.0240644 0.0262372 0.0548985 0.0288104 0.0256729 0.0244549 0.0262601 0.0397623 0.0168338 0.0297182 0.0206806 0.0681680 0.0275340 0.0359613 0.0209439 0.0227603 0.0366110 0.0270896 0.0501325 0.0244432 0.0231843 0.0257660 0.0262419 0.0299672 0.0332989 0.0258886 0.0202364 0.0375522 0.0435319 0.0527819 0.0309139 0.0312281 0.0284970 0.0307701 0.4574894 0.0304309 0.0261515 0.0227509 0.0880202 0.0226584 0.0275180 0.0222682 0.0262372 0.0203749 0.0325779 0.0660892 0.0336497 0.0249529 0.0296252 0.0285039 0.0338001 0.0258886 0.0275328 0.0209568 0.0275473 0.0206756 0.0501290 0.0279710 0.0210413 0.0214439 0.0397623 0.1792290 0.0276012 0.0271999 0.0219689 0.0283546 0.0222382 0.2955572 0.0752335 0.0265929 0.0293055 0.0323617 0.0276012 0.0162669 0.0297162 0.0262710 0.0213578 0.2170994 0.0307433 0.0294143 0.0331417 0.0278958 0.0218769 0.0399415 0.0265881 0.0279819 0.0122482 0.0336415 0.0396489 0.0235972 0.0206553 0.0211153 0.0244549 0.0236020 0.0366465 0.0199545 0.0297753 0.0232378 0.0203587 0.0242390 
New_York_20141214_United_States_1             0.0365147 0.0386955 0.0032789 0.0010653 0.0125133 0.0111745 0.0088126 0.0084627 0.0028600 0.0046800 0.0043787 0.0296155 0.0040921 0.0046927 0.0087934 0.0147105 0.0024071 0.0207421 0.0000000 0.0010870 0.0007083 0.0107408 0.0281778 0.0776510 0.0035815 0.0390442 0.0126978 0.0000010 0.0109044 0.0046855 0.0061756 0.0123555 0.0061729 0.0832627 0.0275430 0.0627847 0.0088520 0.0162225 0.0007085 0.0021436 0.0103662 0.0103738 0.0131703 0.0010732 0.0107408 0.0050565 0.0100039 0.0010854 0.0021544 0.0003540 0.0003549 0.0914028 0.0095958 0.0138955 0.0081688 0.0021880 0.0014266 0.0035935 0.0079924 0.0260149 0.0084627 0.0014498 0.0036771 0.0021519 0.0111745 0.0080447 0.0035954 0.0041345 0.0061815 0.0050654 0.0138955 0.0111666 0.0054524 0.0061965 0.0344993 0.0054213 0.0061834 0.0061756 0.0021428 0.0138148 0.0216096 0.0073016 0.0010867 0.0383651 0.0061815 0.0092113 0.0007184 0.0014711 0.0115783 0.0054432 0.0364938 0.0046964 0.0039673 0.0028278 0.0043164 0.0082077 0.0104334 0.0051042 0.0003554 0.0131643 0.0225014 0.0344656 0.0060658 0.0084531 0.0036053 0.0097300 0.3193203 0.0058154 0.0032197 0.0018142 0.0611174 0.0017794 0.0028614 0.0035954 0.0061965 0.0007145 0.0086103 0.0400193 0.0088222 0.0043998 0.0081234 0.0080837 0.0100526 0.0051042 0.0061763 0.0003540 0.0043227 0.0014488 0.0241632 0.0046927 0.0010840 0.0014452 0.0138148 0.1369137 0.0073581 0.0043314 0.0146123 0.0054313 0.0017853 0.2707865 0.0448809 0.0028563 0.0054111 0.0092715 0.0073581 0.0193930 0.0072874 0.0054531 0.0007186 0.1516843 0.0098962 0.0058089 0.0119458 0.0039426 0.0091041 0.0150897 0.0058147 0.0080447 0.0181540 0.0088126 0.0162218 0.0120669 0.0025508 0.0010872 0.0061756 0.0025046 0.0115883 0.0007310 0.0090866 0.0018480 0.0014360 0.0017999 
Gava_20140501_Spain_1                         0.0389199 0.0404269 0.0025389 0.0025402 0.0127364 0.0093620 0.0081759 0.0062797 0.0040119 0.0062500 0.0052080 0.0291719 0.0032296 0.0029103 0.0085391 0.0137166 0.0024175 0.0206985 0.0010870 0.0000000 0.0025362 0.0085402 0.0282650 0.0747670 0.0040059 0.0403966 0.0132788 0.0010817 0.0123129 0.0025363 0.0032669 0.0112951 0.0036347 0.0829326 0.0297605 0.0643945 0.0066653 0.0164682 0.0014433 0.0018067 0.0085501 0.0081718 0.0115566 0.0000010 0.0085402 0.0062662 0.0070417 0.0000010 0.0000010 0.0014439 0.0014496 0.0935623 0.0066365 0.0108990 0.0067395 0.0003657 0.0018124 0.0018039 0.0072770 0.0286858 0.0062797 0.0003599 0.0041224 0.0007225 0.0093620 0.0047496 0.0010792 0.0034200 0.0032656 0.0032692 0.0108990 0.0093573 0.0036441 0.0066669 0.0369345 0.0040078 0.0040221 0.0032669 0.0036551 0.0148421 0.0230315 0.0047570 0.0000010 0.0348897 0.0032656 0.0101527 0.0003618 0.0003703 0.0121605 0.0032785 0.0381726 0.0018046 0.0014435 0.0028482 0.0055122 0.0075523 0.0082163 0.0021893 0.0010848 0.0105583 0.0219866 0.0353723 0.0065721 0.0043782 0.0044091 0.0098790 0.3147463 0.0070582 0.0047517 0.0003641 0.0634873 0.0010831 0.0029065 0.0010792 0.0066669 0.0003606 0.0087495 0.0417811 0.0089713 0.0014634 0.0055525 0.0085887 0.0078531 0.0021893 0.0032730 0.0021742 0.0062651 0.0000010 0.0246595 0.0029103 0.0000010 0.0000010 0.0148421 0.1352299 0.0051740 0.0044043 0.0144332 0.0025341 0.0000010 0.2659815 0.0440854 0.0036371 0.0062483 0.0070744 0.0051740 0.0188659 0.0055027 0.0021762 0.0003629 0.1450542 0.0076522 0.0043887 0.0105378 0.0040045 0.0075063 0.0153006 0.0040211 0.0047496 0.0175740 0.0081759 0.0160439 0.0131177 0.0000010 0.0000010 0.0032669 0.0021741 0.0121712 0.0007369 0.0080251 0.0011173 0.0000010 0.0018323 
Mascot_20170816_Australia_1                   0.0389107 0.0425950 0.0047417 0.0031833 0.0140185 0.0145493 0.0113706 0.0121902 0.0060829 0.0079288 0.0069117 0.0328859 0.0040484 0.0087107 0.0132910 0.0181171 0.0032174 0.0231187 0.0007083 0.0025362 0.0000000 0.0132922 0.0311361 0.0793207 0.0071698 0.0420130 0.0160557 0.0021118 0.0127528 0.0079548 0.0086952 0.0149140 0.0072027 0.0860247 0.0294641 0.0669402 0.0125899 0.0200024 0.0038964 0.0053638 0.0137179 0.0141151 0.0179380 0.0028625 0.0132922 0.0061045 0.0137679 0.0028982 0.0046841 0.0017578 0.0014116 0.0979571 0.0136782 0.0181010 0.0111676 0.0040229 0.0039088 0.0060948 0.0108023 0.0284048 0.0121902 0.0032663 0.0073805 0.0046754 0.0145493 0.0105754 0.0053723 0.0056269 0.0094583 0.0083399 0.0181010 0.0153437 0.0079825 0.0091191 0.0379056 0.0086814 0.0102225 0.0086952 0.0050021 0.0152303 0.0244224 0.0121282 0.0029016 0.0406868 0.0094583 0.0136999 0.0025151 0.0040595 0.0130059 0.0090926 0.0397675 0.0064619 0.0053723 0.0036413 0.0068273 0.0107895 0.0141912 0.0083753 0.0014156 0.0173955 0.0256658 0.0373224 0.0098829 0.0129167 0.0072272 0.0119277 0.3264900 0.0098550 0.0042565 0.0050970 0.0656556 0.0046345 0.0060776 0.0053723 0.0091191 0.0024999 0.0104218 0.0433854 0.0117826 0.0058371 0.0107160 0.0110311 0.0142265 0.0083753 0.0094572 0.0021137 0.0057222 0.0029010 0.0273927 0.0087107 0.0028909 0.0032520 0.0152303 0.1439160 0.0114520 0.0079613 0.0165285 0.0098367 0.0042777 0.2764427 0.0483137 0.0049784 0.0060716 0.0130318 0.0114520 0.0230329 0.0109815 0.0087145 0.0032462 0.1578451 0.0129752 0.0086990 0.0145365 0.0064298 0.0120312 0.0181192 0.0098486 0.0105754 0.0208737 0.0113706 0.0188963 0.0147807 0.0047486 0.0029030 0.0086952 0.0049960 0.0130171 0.0025620 0.0109450 0.0044599 0.0035894 0.0050520 
Rybienko_Stare_20160126_Poland_3              0.0486493 0.0531356 0.0108333 0.0113812 0.0221326 0.0098844 0.0218635 0.0201803 0.0160585 0.0188804 0.0179220 0.0317850 0.0126040 0.0169150 0.0164004 0.0256692 0.0077845 0.0307400 0.0107408 0.0085402 0.0132922 0.0000000 0.0390099 0.0924977 0.0152552 0.0538650 0.0234867 0.0125293 0.0222720 0.0148705 0.0140776 0.0075950 0.0148404 0.0795651 0.0374543 0.0803978 0.0206117 0.0229731 0.0136885 0.0152638 0.0197371 0.0201552 0.0130041 0.0095751 0.0000010 0.0144633 0.0210462 0.0089032 0.0107267 0.0129160 0.0110389 0.1159699 0.0098558 0.0110017 0.0196215 0.0101092 0.0137147 0.0117392 0.0212589 0.0409509 0.0201803 0.0092912 0.0177490 0.0114985 0.0098844 0.0155896 0.0121459 0.0127297 0.0148776 0.0133263 0.0110017 0.0235353 0.0141374 0.0129393 0.0447691 0.0164517 0.0144540 0.0140776 0.0157195 0.0277742 0.0323396 0.0140454 0.0089142 0.0498151 0.0148776 0.0106457 0.0096343 0.0078677 0.0258150 0.0160729 0.0469662 0.0132809 0.0106177 0.0057239 0.0153177 0.0180300 0.0223314 0.0149816 0.0099144 0.0231274 0.0241825 0.0470287 0.0190066 0.0152429 0.0177683 0.0204487 0.3578148 0.0095370 0.0156420 0.0111894 0.0776091 0.0129520 0.0168504 0.0121459 0.0129393 0.0099679 0.0210346 0.0523940 0.0231698 0.0123631 0.0190665 0.0149077 0.0223866 0.0149816 0.0148240 0.0121563 0.0180789 0.0085345 0.0371895 0.0169150 0.0092643 0.0096555 0.0277742 0.1642327 0.0157504 0.0161587 0.0243699 0.0168494 0.0109871 0.2775348 0.0578586 0.0164284 0.0160451 0.0211129 0.0157504 0.0301883 0.0164697 0.0148898 0.0096638 0.1735240 0.0217169 0.0176970 0.0114245 0.0164180 0.0201101 0.0260877 0.0140852 0.0155896 0.0274537 0.0218635 0.0147720 0.0225167 0.0092901 0.0089186 0.0140776 0.0117778 0.0258383 0.0063194 0.0181804 0.0102773 0.0103351 0.0115042 
