165
Carlsbad_20160815_USA_1                       0.0000000 0.0273331 0.0439962 0.0214311 0.0320966 0.0445759 0.0271077 0.0400930 0.0406356 0.0390683 0.0357592 0.0151522 0.0323601 0.0144373 0.0318276 0.0366141 0.0401602 0.0382974 0.0287235 0.0452286 0.0479278 0.0504533 0.0474608 0.0484312 0.0480233 0.0480233 0.0169072 0.0327115 0.0101899 0.0253539 0.0250770 0.0224727 0.0159269 0.0277627 0.0242538 0.0242538 0.0251041 0.0252962 0.0252962 0.0154739 0.0225840 0.0242333 0.0220642 0.0192487 0.0172092 0.0207479 0.0207479 0.0219667 0.0219852 0.0210888 0.0203644 0.0223969 0.0210674 0.0210674 0.0207581 0.0210992 0.0197306 0.0211035 0.0156049 0.0208767 0.0229732 0.0230459 0.0203457 0.0206737 0.0206737 0.0212771 0.0199739 0.0214311 0.0214311 0.0200989 0.0200989 0.0177668 0.0177878 0.0180378 0.0204589 0.0241142 0.0216891 0.0215914 0.0197134 0.0183241 0.0206000 0.0213785 0.0177017 0.0192716 0.0200930 0.0172976 0.0185697 0.0192088 0.0203745 0.0191942 0.0191942 0.0189089 0.0212750 0.0212750 0.0222081 0.0195192 0.0195192 0.0191799 0.0180598 0.0196947 0.0197271 0.0207267 0.0212429 0.0212429 0.0206286 0.0174407 0.0141408 0.0166177 0.0182401 0.0191766 0.0191766 0.0163648 0.0221206 0.0197469 0.0185230 0.0188765 0.0197815 0.0194461 0.0194734 0.0193762 0.0166298 0.0163256 0.0160557 0.0160982 0.0163653 0.0160955 0.0160732 0.0160906 0.0160654 0.0174446 0.0164661 0.0192225 0.0183045 0.0176814 0.0182348 0.0185196 0.0177133 0.0168043 0.0174476 0.0174476 0.0199017 0.0194469 0.0189080 0.0162368 0.0188793 0.0174300 0.0168321 0.0169315 0.0185403 0.0152013 0.0185780 0.0159430 0.0152526 0.0155230 0.0168112 0.0167987 0.0165341 0.0162434 0.0165341 0.0165233 0.0159961 0.0164864 0.0159357 0.0170102 0.0170119 
Carlsbad_20160915_USA_1                       0.0273331 0.0000000 0.0457071 0.0215528 0.0338091 0.0493874 0.0301650 0.0462053 0.0387554 0.0340078 0.0378793 0.0170190 0.0347883 0.0180749 0.0367377 0.0303578 0.0400213 0.0412949 0.0411877 0.0507861 0.0540139 0.0537661 0.0518510 0.0528737 0.0524478 0.0524478 0.0200666 0.0378918 0.0148535 0.0276653 0.0276807 0.0260310 0.0180013 0.0321469 0.0270072 0.0270072 0.0272877 0.0263289 0.0263289 0.0169653 0.0247843 0.0253932 0.0237228 0.0212942 0.0179369 0.0219751 0.0219751 0.0234415 0.0234616 0.0232234 0.0226990 0.0245150 0.0228508 0.0228508 0.0225796 0.0228858 0.0213020 0.0235196 0.0173764 0.0229889 0.0267396 0.0286559 0.0240274 0.0230951 0.0230951 0.0256443 0.0236514 0.0248750 0.0248750 0.0246937 0.0246937 0.0216174 0.0215860 0.0189607 0.0236910 0.0263757 0.0247908 0.0237987 0.0222402 0.0210018 0.0223561 0.0235015 0.0196734 0.0203786 0.0218637 0.0174878 0.0200602 0.0261513 0.0218846 0.0206432 0.0206432 0.0197776 0.0227812 0.0227812 0.0237098 0.0203505 0.0203505 0.0206241 0.0189037 0.0208621 0.0208831 0.0206984 0.0218596 0.0218596 0.0218111 0.0187359 0.0164712 0.0186356 0.0199816 0.0209300 0.0209300 0.0175435 0.0265052 0.0214871 0.0202349 0.0161187 0.0202448 0.0212282 0.0202999 0.0196705 0.0198344 0.0182760 0.0180196 0.0180976 0.0183714 0.0180652 0.0183655 0.0180887 0.0180596 0.0185494 0.0181805 0.0203147 0.0197347 0.0199996 0.0196841 0.0196670 0.0187363 0.0184994 0.0188662 0.0188662 0.0204382 0.0211692 0.0194943 0.0185853 0.0202984 0.0185813 0.0182280 0.0183868 0.0193634 0.0166285 0.0191453 0.0173496 0.0171906 0.0171131 0.0179280 0.0184955 0.0170662 0.0173412 0.0176354 0.0179180 0.0176408 0.0178215 0.0175158 0.0189958 0.0186482 
Carlsbad_20160725_USA_1                       0.0439962 0.0457071 0.0000000 0.0430480 0.0415043 0.0729616 0.0419789 0.0642716 0.0651767 0.0670544 0.0554857 0.0325538 0.0526747 0.0320044 0.0523298 0.0624094 0.0701672 0.0593985 0.0589772 0.0794473 0.0748432 0.0760169 0.0729288 0.0739631 0.0739631 0.0739631 0.0376702 0.0549652 0.0278956 0.0445761 0.0448716 0.0439626 0.0347986 0.0508731 0.0468664 0.0468664 0.0457143 0.0452458 0.0452458 0.0368095 0.0444953 0.0451310 0.0408164 0.0386514 0.0373925 0.0391977 0.0391977 0.0408618 0.0409025 0.0403694 0.0385648 0.0419640 0.0398565 0.0398565 0.0391808 0.0399382 0.0405442 0.0407100 0.0345388 0.0408582 0.0494378 0.0457423 0.0428643 0.0427938 0.0427938 0.0458501 0.0429668 0.0455463 0.0455463 0.0438809 0.0438809 0.0464535 0.0387130 0.0371323 0.0394211 0.0422886 0.0464918 0.0427795 0.0425262 0.0389099 0.0414410 0.0397557 0.0372988 0.0387261 0.0408148 0.0358990 0.0375987 0.0425954 0.0392237 0.0378482 0.0378482 0.0370840 0.0410249 0.0410249 0.0422946 0.0391709 0.0391709 0.0388567 0.0368195 0.0394799 0.0392320 0.0405408 0.0404194 0.0404194 0.0391446 0.0369832 0.0344636 0.0356287 0.0374571 0.0385519 0.0385519 0.0357801 0.0401199 0.0391597 0.0372154 0.0458354 0.0396454 0.0387729 0.0394097 0.0379539 0.0352950 0.0347552 0.0344095 0.0342405 0.0341895 0.0339352 0.0345369 0.0342200 0.0342200 0.0366030 0.0348665 0.0385414 0.0376890 0.0373240 0.0369887 0.0376660 0.0363275 0.0363409 0.0370471 0.0370471 0.0411436 0.0403179 0.0397628 0.0356185 0.0396223 0.0363325 0.0353834 0.0362438 0.0383833 0.0334180 0.0390235 0.0350826 0.0340094 0.0342730 0.0362898 0.0362455 0.0351823 0.0355591 0.0355783 0.0346492 0.0348034 0.0346416 0.0342860 0.0359247 0.0355209 
Carlsbad_20160718_USA_1                       0.0214311 0.0215528 0.0430480 0.0000000 0.0268757 0.0454438 0.0203234 0.0368419 0.0391901 0.0284926 0.0354641 0.0134595 0.0293610 0.0133804 0.0301493 0.0254839 0.0362566 0.0373492 0.0288076 0.0450750 0.0420747 0.0428474 0.0414891 0.0423923 0.0420073 0.0420073 0.0145257 0.0311933 0.0086223 0.0205260 0.0211150 0.0193104 0.0125977 0.0256790 0.0229245 0.0229245 0.0224365 0.0201420 0.0201420 0.0125065 0.0187779 0.0190981 0.0177010 0.0161283 0.0140202 0.0161373 0.0161373 0.0175712 0.0173029 0.0167746 0.0159735 0.0182560 0.0164438 0.0164438 0.0161215 0.0164681 0.0157936 0.0172905 0.0120499 0.0176328 0.0230246 0.0221783 0.0187398 0.0190338 0.0190338 0.0206227 0.0190276 0.0199023 0.0199023 0.0190427 0.0190427 0.0174004 0.0158567 0.0146267 0.0165603 0.0228975 0.0216937 0.0187759 0.0169414 0.0158075 0.0178373 0.0177734 0.0157822 0.0161327 0.0169882 0.0139521 0.0151610 0.0210392 0.0175248 0.0157800 0.0157800 0.0152273 0.0169420 0.0169420 0.0175783 0.0152478 0.0152478 0.0160932 0.0141542 0.0168868 0.0166509 0.0147397 0.0169615 0.0169615 0.0155210 0.0135260 0.0122947 0.0126883 0.0140879 0.0154828 0.0154828 0.0121783 0.0221840 0.0146365 0.0145794 0.0141798 0.0152189 0.0157785 0.0148822 0.0143692 0.0138270 0.0134968 0.0132524 0.0133013 0.0130122 0.0130299 0.0135603 0.0132952 0.0132745 0.0141301 0.0128878 0.0149531 0.0143912 0.0140814 0.0138038 0.0143500 0.0135301 0.0129881 0.0146625 0.0146625 0.0145071 0.0149160 0.0143947 0.0129563 0.0152121 0.0135897 0.0134088 0.0127850 0.0143511 0.0116965 0.0138494 0.0127183 0.0122443 0.0122026 0.0129915 0.0127223 0.0121705 0.0127096 0.0121769 0.0131520 0.0126584 0.0128289 0.0128289 0.0139324 0.0138840 
Carlsbad_20160901_USA_2                       0.0320966 0.0338091 0.0415043 0.0268757 0.0000000 0.0584007 0.0335843 0.0444994 0.0509601 0.0481975 0.0452328 0.0173078 0.0379710 0.0176860 0.0377821 0.0456709 0.0482189 0.0452080 0.0418714 0.0625806 0.0537303 0.0551449 0.0540594 0.0554922 0.0550556 0.0550556 0.0215834 0.0401067 0.0180915 0.0305668 0.0306228 0.0280245 0.0196409 0.0316497 0.0294636 0.0294636 0.0328334 0.0300463 0.0300463 0.0215038 0.0287810 0.0300817 0.0279095 0.0245756 0.0240438 0.0255279 0.0255279 0.0274395 0.0277920 0.0271323 0.0266151 0.0285524 0.0261349 0.0261349 0.0254662 0.0268065 0.0261460 0.0268132 0.0196494 0.0255739 0.0308596 0.0287945 0.0254025 0.0251063 0.0251063 0.0276461 0.0250573 0.0254403 0.0254403 0.0250081 0.0250081 0.0256044 0.0249011 0.0234084 0.0262865 0.0330111 0.0337679 0.0278586 0.0257512 0.0232071 0.0242628 0.0270882 0.0228565 0.0226521 0.0257435 0.0209559 0.0238586 0.0297093 0.0234431 0.0223009 0.0223009 0.0223009 0.0247920 0.0247920 0.0261644 0.0235584 0.0235584 0.0254075 0.0229202 0.0228521 0.0241336 0.0235283 0.0246966 0.0246966 0.0238059 0.0228016 0.0183855 0.0208667 0.0222390 0.0235285 0.0235285 0.0198696 0.0313835 0.0240936 0.0227732 0.0266287 0.0234387 0.0243275 0.0219406 0.0233869 0.0219540 0.0203178 0.0203631 0.0201630 0.0201575 0.0198308 0.0207266 0.0204428 0.0204093 0.0222703 0.0215865 0.0226718 0.0228571 0.0225025 0.0221823 0.0221631 0.0228489 0.0213036 0.0225970 0.0225970 0.0233586 0.0222704 0.0216977 0.0215623 0.0234906 0.0228606 0.0201609 0.0210675 0.0224764 0.0193909 0.0210303 0.0206704 0.0199699 0.0198351 0.0209587 0.0206439 0.0206980 0.0209649 0.0206823 0.0205509 0.0195888 0.0200993 0.0200829 0.0209933 0.0209650 
Calera_Chica_20160516_Mexico_1                0.0445759 0.0493874 0.0729616 0.0454438 0.0584007 0.0000000 0.0537429 0.0638531 0.0581787 0.0561815 0.0581420 0.0317247 0.0561584 0.0315759 0.0579375 0.0501139 0.0548389 0.0625062 0.0574594 0.0729010 0.0750087 0.0744873 0.0725691 0.0741065 0.0736449 0.0736449 0.0364220 0.0546151 0.0305120 0.0461705 0.0458177 0.0425347 0.0350150 0.0500146 0.0436916 0.0436916 0.0477465 0.0451114 0.0451114 0.0377837 0.0422675 0.0438664 0.0426447 0.0385853 0.0379042 0.0405903 0.0405903 0.0419636 0.0420009 0.0413790 0.0403894 0.0428744 0.0409334 0.0409334 0.0401710 0.0409943 0.0393601 0.0405202 0.0342712 0.0404701 0.0415442 0.0457949 0.0421386 0.0407349 0.0407349 0.0437772 0.0414133 0.0428502 0.0428502 0.0411551 0.0411551 0.0418973 0.0393196 0.0363995 0.0431515 0.0425733 0.0423462 0.0351393 0.0342126 0.0389199 0.0402899 0.0445402 0.0363627 0.0367591 0.0383878 0.0361498 0.0373668 0.0424533 0.0392164 0.0374194 0.0374194 0.0374194 0.0392992 0.0392992 0.0406448 0.0377293 0.0377293 0.0378613 0.0346017 0.0386748 0.0397695 0.0395746 0.0391772 0.0391772 0.0391332 0.0354356 0.0321813 0.0354850 0.0361266 0.0367261 0.0367261 0.0333297 0.0423336 0.0379147 0.0365761 0.0337087 0.0377747 0.0383091 0.0373575 0.0376659 0.0352494 0.0338084 0.0335564 0.0341169 0.0337110 0.0330985 0.0340010 0.0337200 0.0336665 0.0352746 0.0348086 0.0376422 0.0371829 0.0374521 0.0374226 0.0383575 0.0358664 0.0345789 0.0352186 0.0352186 0.0387226 0.0387520 0.0370929 0.0338609 0.0378043 0.0341140 0.0335589 0.0345210 0.0363907 0.0322354 0.0362330 0.0345702 0.0323703 0.0332411 0.0345793 0.0354911 0.0349478 0.0346008 0.0346174 0.0345025 0.0331391 0.0335323 0.0332183 0.0340513 0.0344018 
Carlsbad_20160908_USA_1                       0.0271077 0.0301650 0.0419789 0.0203234 0.0335843 0.0537429 0.0000000 0.0493485 0.0531085 0.0425943 0.0452818 0.0203123 0.0365331 0.0200790 0.0378513 0.0437718 0.0498611 0.0447569 0.0378654 0.0555567 0.0541468 0.0538415 0.0528706 0.0533533 0.0538387 0.0538387 0.0226395 0.0401928 0.0146417 0.0298592 0.0295868 0.0287343 0.0196740 0.0329465 0.0314198 0.0314198 0.0298566 0.0295046 0.0295046 0.0215571 0.0291978 0.0292267 0.0280536 0.0253952 0.0224737 0.0256773 0.0256773 0.0275088 0.0265858 0.0269852 0.0258553 0.0276408 0.0265947 0.0265947 0.0262777 0.0266349 0.0259557 0.0275863 0.0209247 0.0256884 0.0322697 0.0308015 0.0278562 0.0268401 0.0268401 0.0295032 0.0264469 0.0280408 0.0280408 0.0278159 0.0278159 0.0271946 0.0229602 0.0235754 0.0240808 0.0323240 0.0311799 0.0278995 0.0269202 0.0255676 0.0251744 0.0262988 0.0239582 0.0247157 0.0258503 0.0212177 0.0236854 0.0291919 0.0255891 0.0249062 0.0249062 0.0243075 0.0277139 0.0277139 0.0268253 0.0252510 0.0252510 0.0251688 0.0219038 0.0242161 0.0244934 0.0240091 0.0264578 0.0264578 0.0245978 0.0223983 0.0193285 0.0214833 0.0227262 0.0236918 0.0236918 0.0204814 0.0306057 0.0248576 0.0220153 0.0281071 0.0239109 0.0248088 0.0233281 0.0229507 0.0212086 0.0211179 0.0208388 0.0206400 0.0203386 0.0206466 0.0209086 0.0206298 0.0205965 0.0230755 0.0215198 0.0228063 0.0233226 0.0229922 0.0223762 0.0241710 0.0221223 0.0212199 0.0231039 0.0231039 0.0244256 0.0239394 0.0228026 0.0218500 0.0245575 0.0221217 0.0207428 0.0219754 0.0232532 0.0192933 0.0215198 0.0214823 0.0202018 0.0206767 0.0214808 0.0211642 0.0211865 0.0217837 0.0212078 0.0202075 0.0207987 0.0206658 0.0206162 0.0218282 0.0218249 
Escondido_20160101_USA_1                      0.0400930 0.0462053 0.0642716 0.0368419 0.0444994 0.0638531 0.0493485 0.0000000 0.0551963 0.0465242 0.0292104 0.0251721 0.0304578 0.0258661 0.0263656 0.0433691 0.0522567 0.0562691 0.0527764 0.0689362 0.0634618 0.0638288 0.0624014 0.0623889 0.0628634 0.0628634 0.0295562 0.0476894 0.0262018 0.0372317 0.0369349 0.0299418 0.0270874 0.0413899 0.0384317 0.0384317 0.0362890 0.0370867 0.0370867 0.0306338 0.0340946 0.0357659 0.0342970 0.0312629 0.0329827 0.0319023 0.0319023 0.0333675 0.0331040 0.0328501 0.0321634 0.0335640 0.0328039 0.0328039 0.0319129 0.0328501 0.0328878 0.0331101 0.0262382 0.0287146 0.0376006 0.0352833 0.0330393 0.0336502 0.0336502 0.0358826 0.0339521 0.0347418 0.0347418 0.0334739 0.0334739 0.0356276 0.0331998 0.0291657 0.0370285 0.0362567 0.0353423 0.0328651 0.0312737 0.0306644 0.0326413 0.0346818 0.0300577 0.0299499 0.0313378 0.0277577 0.0309983 0.0351653 0.0320489 0.0305900 0.0305900 0.0303058 0.0334547 0.0334547 0.0335617 0.0299800 0.0299800 0.0311417 0.0286065 0.0299744 0.0326504 0.0311283 0.0326762 0.0326762 0.0311158 0.0287330 0.0249362 0.0280611 0.0287759 0.0303044 0.0303044 0.0262811 0.0368701 0.0304981 0.0289894 0.0315024 0.0306075 0.0311221 0.0298408 0.0295672 0.0278689 0.0271502 0.0266415 0.0267520 0.0264632 0.0264836 0.0261291 0.0264702 0.0264306 0.0281872 0.0271379 0.0295207 0.0299472 0.0299455 0.0299099 0.0304645 0.0290663 0.0273635 0.0279296 0.0279296 0.0314582 0.0305279 0.0298053 0.0263711 0.0299814 0.0282080 0.0266964 0.0284391 0.0288018 0.0259847 0.0295370 0.0267793 0.0258963 0.0263305 0.0282338 0.0284385 0.0273966 0.0278970 0.0281881 0.0267941 0.0264263 0.0268834 0.0263086 0.0270870 0.0268195 
Laguna_Niguel_20170403_USA_1                  0.0406356 0.0387554 0.0651767 0.0391901 0.0509601 0.0581787 0.0531085 0.0551963 0.0000000 0.0418587 0.0474371 0.0223261 0.0453266 0.0223160 0.0469205 0.0349043 0.0436251 0.0582443 0.0525451 0.0685453 0.0631860 0.0658064 0.0633831 0.0639745 0.0635518 0.0635518 0.0266505 0.0476984 0.0271224 0.0354177 0.0369742 0.0316602 0.0242415 0.0418718 0.0365583 0.0365583 0.0389666 0.0352188 0.0352188 0.0297959 0.0324884 0.0344793 0.0308406 0.0292588 0.0296579 0.0317899 0.0317899 0.0314640 0.0314899 0.0303794 0.0293357 0.0316411 0.0303047 0.0303047 0.0309482 0.0300435 0.0305071 0.0312507 0.0243223 0.0307405 0.0356225 0.0359388 0.0298037 0.0303948 0.0303948 0.0320439 0.0313459 0.0328389 0.0328389 0.0314195 0.0314195 0.0324021 0.0319792 0.0266133 0.0348067 0.0386227 0.0377333 0.0263330 0.0243552 0.0271790 0.0313325 0.0357365 0.0262327 0.0275757 0.0283971 0.0260315 0.0265261 0.0389338 0.0289500 0.0283306 0.0283306 0.0283306 0.0298456 0.0298456 0.0314051 0.0280665 0.0280665 0.0277269 0.0260222 0.0291933 0.0301120 0.0284348 0.0300811 0.0300811 0.0283161 0.0259649 0.0239177 0.0245212 0.0265538 0.0283905 0.0283905 0.0254873 0.0371698 0.0280584 0.0270693 0.0205897 0.0272156 0.0271391 0.0286329 0.0270728 0.0249280 0.0234049 0.0228244 0.0220664 0.0226298 0.0227079 0.0229010 0.0223595 0.0226623 0.0245921 0.0240363 0.0269525 0.0262597 0.0271100 0.0273707 0.0276560 0.0260145 0.0251289 0.0257319 0.0257319 0.0297477 0.0286257 0.0280501 0.0239199 0.0277503 0.0245738 0.0247449 0.0256271 0.0262103 0.0231962 0.0263259 0.0230776 0.0227516 0.0229663 0.0250643 0.0250544 0.0245464 0.0242411 0.0245288 0.0242786 0.0233182 0.0240659 0.0234889 0.0254580 0.0252002 
Encinitas_20151002_USA_1                      0.0390683 0.0340078 0.0670544 0.0284926 0.0481975 0.0561815 0.0425943 0.0465242 0.0418587 0.0000000 0.0382752 0.0171394 0.0366688 0.0185882 0.0386039 0.0155372 0.0320430 0.0614311 0.0524226 0.0549109 0.0567562 0.0588513 0.0563396 0.0573324 0.0568634 0.0568634 0.0211917 0.0446648 0.0221990 0.0310812 0.0306870 0.0271897 0.0190437 0.0375173 0.0316821 0.0316821 0.0367309 0.0295188 0.0295188 0.0244149 0.0282374 0.0301036 0.0270532 0.0249352 0.0233721 0.0258032 0.0258032 0.0274682 0.0271635 0.0255980 0.0243360 0.0262684 0.0261936 0.0261936 0.0261765 0.0252046 0.0266335 0.0275824 0.0184750 0.0249737 0.0283337 0.0322351 0.0285740 0.0267449 0.0267449 0.0279117 0.0267864 0.0299293 0.0299293 0.0273327 0.0273327 0.0283260 0.0267468 0.0218826 0.0289417 0.0344515 0.0332763 0.0241900 0.0222412 0.0227280 0.0270803 0.0308995 0.0243975 0.0245386 0.0244423 0.0200313 0.0219933 0.0335228 0.0239539 0.0233894 0.0233894 0.0230714 0.0245329 0.0245329 0.0253364 0.0226773 0.0226773 0.0230443 0.0220942 0.0246176 0.0253576 0.0205518 0.0240347 0.0240347 0.0229642 0.0216519 0.0187946 0.0193431 0.0227216 0.0227347 0.0227347 0.0188504 0.0338907 0.0230087 0.0219395 0.0179602 0.0230960 0.0225676 0.0220929 0.0212876 0.0187750 0.0186685 0.0177646 0.0175474 0.0175236 0.0178594 0.0178325 0.0175383 0.0178277 0.0194654 0.0184695 0.0221285 0.0214092 0.0213361 0.0213425 0.0209998 0.0207187 0.0207792 0.0214006 0.0214006 0.0233670 0.0229658 0.0221382 0.0211046 0.0223191 0.0194210 0.0194911 0.0198965 0.0213277 0.0171678 0.0208302 0.0191669 0.0190156 0.0189328 0.0194359 0.0194644 0.0182328 0.0191360 0.0194538 0.0186272 0.0186050 0.0187652 0.0188168 0.0196711 0.0193675 
Carlsbad_20160101_USA_1                       0.0357592 0.0378793 0.0554857 0.0354641 0.0452328 0.0581420 0.0452818 0.0292104 0.0474371 0.0382752 0.0000000 0.0206371 0.0278235 0.0190144 0.0281570 0.0368377 0.0460592 0.0486603 0.0491976 0.0644067 0.0567602 0.0571108 0.0555669 0.0571222 0.0567367 0.0567367 0.0244437 0.0424166 0.0244563 0.0337160 0.0331312 0.0285335 0.0221988 0.0365092 0.0321483 0.0321483 0.0343730 0.0319935 0.0319935 0.0265156 0.0303082 0.0322214 0.0296924 0.0285063 0.0276497 0.0277328 0.0277328 0.0297005 0.0297239 0.0292283 0.0279208 0.0295449 0.0294374 0.0294374 0.0283054 0.0283106 0.0290047 0.0294507 0.0224726 0.0243641 0.0319125 0.0312740 0.0287163 0.0282797 0.0282797 0.0297647 0.0288313 0.0299130 0.0299130 0.0291785 0.0291785 0.0305234 0.0287821 0.0248318 0.0313532 0.0343227 0.0324054 0.0283647 0.0271775 0.0260114 0.0287653 0.0328342 0.0251287 0.0255541 0.0265670 0.0237644 0.0260031 0.0337971 0.0264786 0.0256814 0.0256814 0.0254122 0.0278415 0.0278415 0.0287921 0.0253761 0.0253761 0.0259257 0.0240376 0.0256398 0.0268156 0.0263096 0.0279381 0.0279381 0.0270119 0.0247427 0.0213976 0.0231970 0.0253266 0.0256790 0.0256790 0.0225150 0.0329378 0.0266958 0.0249828 0.0232852 0.0256565 0.0261613 0.0257341 0.0249997 0.0235643 0.0223595 0.0218484 0.0219354 0.0219468 0.0222414 0.0219193 0.0216688 0.0219139 0.0239567 0.0226658 0.0254703 0.0250805 0.0250717 0.0253178 0.0253136 0.0250557 0.0236977 0.0237078 0.0237078 0.0269990 0.0272724 0.0257331 0.0220095 0.0253494 0.0237013 0.0222191 0.0236224 0.0250437 0.0215795 0.0251673 0.0220872 0.0214939 0.0219238 0.0236959 0.0239272 0.0226635 0.0231467 0.0234217 0.0222401 0.0220197 0.0226929 0.0224013 0.0234287 0.0226126 
Greymouth_20160317_New_Zealand_1              0.0151522 0.0170190 0.0325538 0.0134595 0.0173078 0.0317247 0.0203123 0.0251721 0.0223261 0.0171394 0.0206371 0.0000000 0.0151318 0.0014708 0.0190987 0.0158639 0.0205165 0.0262971 0.0230996 0.0380577 0.0262223 0.0262120 0.0251019 0.0258145 0.0254955 0.0254955 0.0019227 0.0150647 0.0026713 0.0064903 0.0065016 0.0075131 0.0009429 0.0105232 0.0062785 0.0062785 0.0127976 0.0085166 0.0085166 0.0048365 0.0060204 0.0065208 0.0047928 0.0043349 0.0044147 0.0042821 0.0042821 0.0052631 0.0047754 0.0045427 0.0040612 0.0050474 0.0042856 0.0042856 0.0042839 0.0042928 0.0049183 0.0047781 0.0007073 0.0068560 0.0078695 0.0070037 0.0042692 0.0040213 0.0040213 0.0045213 0.0035499 0.0045105 0.0045105 0.0035462 0.0035462 0.0043990 0.0078893 0.0018997 0.0076485 0.0113253 0.0104281 0.0058487 0.0051018 0.0023506 0.0045056 0.0086740 0.0030617 0.0030677 0.0037888 0.0014081 0.0018948 0.0110271 0.0025802 0.0025803 0.0025803 0.0025803 0.0035405 0.0035405 0.0030568 0.0021056 0.0021056 0.0035394 0.0018720 0.0028183 0.0025797 0.0025869 0.0035350 0.0035350 0.0021059 0.0021055 0.0011849 0.0009371 0.0016321 0.0018716 0.0018716 0.0011767 0.0099204 0.0018672 0.0018643 0.0015036 0.0021074 0.0032975 0.0023395 0.0021022 0.0023527 0.0009333 0.0009327 0.0009333 0.0009333 0.0009333 0.0011673 0.0009327 0.0009327 0.0011639 0.0009322 0.0016350 0.0018672 0.0013972 0.0016307 0.0018677 0.0011650 0.0009291 0.0016322 0.0016322 0.0030844 0.0021058 0.0023491 0.0016339 0.0028253 0.0016374 0.0011667 0.0014059 0.0023396 0.0009291 0.0018723 0.0011628 0.0011650 0.0011628 0.0013965 0.0009291 0.0009291 0.0009291 0.0009291 0.0011658 0.0009331 0.0011639 0.0011639 0.0011667 0.0011639 
Encinitas_20160101_USA_1                      0.0323601 0.0347883 0.0526747 0.0293610 0.0379710 0.0561584 0.0365331 0.0304578 0.0453266 0.0366688 0.0278235 0.0151318 0.0000000 0.0159273 0.0251659 0.0331388 0.0424807 0.0477098 0.0438492 0.0596018 0.0505735 0.0525198 0.0506970 0.0526255 0.0522541 0.0522541 0.0191595 0.0379901 0.0186197 0.0265767 0.0258344 0.0247271 0.0173892 0.0317520 0.0271036 0.0271036 0.0304626 0.0254394 0.0254394 0.0209370 0.0250884 0.0249212 0.0235987 0.0215370 0.0216972 0.0211868 0.0211868 0.0238543 0.0230732 0.0226556 0.0219691 0.0240480 0.0223325 0.0223325 0.0217392 0.0223624 0.0223159 0.0226024 0.0174863 0.0197864 0.0291507 0.0276267 0.0253623 0.0244711 0.0244711 0.0268079 0.0243612 0.0247543 0.0247543 0.0245785 0.0245785 0.0251438 0.0260933 0.0186919 0.0270364 0.0301108 0.0289968 0.0230411 0.0234085 0.0211642 0.0234966 0.0284055 0.0216467 0.0220375 0.0220140 0.0178648 0.0200248 0.0283111 0.0213924 0.0211313 0.0211313 0.0208748 0.0224243 0.0224243 0.0228067 0.0203793 0.0203793 0.0208743 0.0193348 0.0208355 0.0224163 0.0207254 0.0216808 0.0216808 0.0208654 0.0202745 0.0160956 0.0178803 0.0185455 0.0190423 0.0190423 0.0170182 0.0293635 0.0198215 0.0196413 0.0217052 0.0209265 0.0208310 0.0206262 0.0199838 0.0179250 0.0168551 0.0166267 0.0166559 0.0164203 0.0167114 0.0166443 0.0164048 0.0163819 0.0192721 0.0174510 0.0198639 0.0197687 0.0192491 0.0197160 0.0199652 0.0192543 0.0179923 0.0192662 0.0192662 0.0207647 0.0216003 0.0203610 0.0179770 0.0216191 0.0190320 0.0165172 0.0186118 0.0205563 0.0168748 0.0195811 0.0182048 0.0168144 0.0175225 0.0187169 0.0184171 0.0179210 0.0184303 0.0181854 0.0164988 0.0173274 0.0172273 0.0174581 0.0177315 0.0172219 
Dunedin_20160317_New_Zealand_1                0.0144373 0.0180749 0.0320044 0.0133804 0.0176860 0.0315759 0.0200790 0.0258661 0.0223160 0.0185882 0.0190144 0.0014708 0.0159273 0.0000000 0.0184026 0.0165374 0.0222016 0.0289662 0.0230631 0.0388686 0.0248920 0.0252235 0.0238231 0.0245308 0.0242125 0.0242125 0.0021915 0.0135189 0.0027013 0.0070892 0.0071017 0.0073500 0.0009495 0.0095900 0.0058498 0.0058498 0.0126931 0.0083589 0.0083589 0.0046270 0.0058433 0.0066282 0.0046073 0.0041383 0.0042116 0.0040860 0.0040860 0.0048290 0.0045838 0.0040948 0.0038621 0.0048573 0.0040894 0.0040894 0.0045844 0.0040964 0.0047327 0.0045864 0.0009525 0.0066740 0.0064018 0.0058133 0.0028465 0.0026127 0.0026127 0.0038349 0.0023723 0.0033315 0.0033315 0.0023747 0.0023747 0.0028546 0.0074182 0.0016777 0.0077504 0.0126017 0.0108586 0.0056635 0.0051617 0.0014149 0.0040677 0.0085274 0.0021276 0.0026214 0.0035880 0.0011860 0.0019164 0.0117819 0.0028579 0.0023697 0.0023697 0.0023697 0.0035808 0.0035808 0.0033399 0.0021294 0.0021294 0.0035797 0.0018932 0.0026098 0.0023691 0.0028573 0.0035826 0.0035826 0.0021296 0.0018903 0.0011964 0.0009468 0.0014129 0.0018927 0.0018927 0.0011905 0.0106055 0.0018883 0.0018853 0.0015255 0.0023765 0.0033335 0.0026084 0.0023647 0.0023794 0.0009447 0.0009441 0.0009456 0.0009447 0.0009466 0.0011827 0.0009450 0.0009450 0.0011770 0.0009426 0.0016534 0.0018883 0.0016502 0.0018867 0.0021272 0.0011780 0.0009395 0.0016505 0.0016505 0.0028764 0.0021295 0.0021304 0.0014145 0.0028574 0.0016559 0.0011798 0.0014232 0.0021261 0.0009395 0.0018934 0.0009395 0.0009413 0.0009395 0.0014122 0.0009395 0.0009395 0.0009395 0.0009395 0.0011789 0.0009426 0.0011770 0.0011770 0.0011798 0.0011770 
San_Marcos_20160101_USA_1                     0.0318276 0.0367377 0.0523298 0.0301493 0.0377821 0.0579375 0.0378513 0.0263656 0.0469205 0.0386039 0.0281570 0.0190987 0.0251659 0.0184026 0.0000000 0.0372791 0.0454458 0.0463122 0.0398398 0.0595248 0.0539016 0.0563139 0.0535540 0.0540635 0.0536877 0.0536877 0.0226893 0.0389483 0.0150666 0.0300167 0.0300214 0.0274593 0.0202220 0.0335857 0.0301489 0.0301489 0.0305034 0.0299580 0.0299580 0.0233370 0.0283290 0.0298723 0.0273609 0.0247132 0.0248876 0.0262531 0.0262531 0.0273862 0.0274074 0.0263648 0.0256670 0.0278208 0.0260204 0.0260204 0.0254714 0.0260559 0.0261530 0.0260313 0.0208736 0.0214034 0.0302106 0.0304175 0.0260425 0.0246282 0.0246282 0.0269830 0.0271584 0.0279084 0.0279084 0.0263833 0.0263833 0.0281149 0.0254474 0.0228458 0.0269525 0.0285067 0.0267284 0.0263211 0.0252310 0.0229489 0.0270331 0.0262141 0.0237556 0.0238873 0.0249299 0.0215207 0.0239888 0.0265835 0.0245071 0.0231617 0.0231617 0.0223649 0.0258145 0.0258145 0.0256127 0.0236991 0.0236991 0.0242126 0.0213202 0.0244623 0.0256305 0.0246842 0.0253590 0.0253590 0.0239227 0.0223152 0.0182724 0.0212589 0.0225873 0.0234224 0.0234224 0.0203544 0.0283764 0.0236452 0.0227880 0.0249860 0.0240022 0.0236975 0.0229698 0.0233348 0.0210646 0.0201769 0.0199439 0.0200224 0.0197553 0.0197702 0.0200079 0.0197605 0.0197322 0.0207313 0.0199449 0.0232275 0.0225799 0.0236390 0.0233490 0.0238785 0.0217943 0.0207134 0.0212465 0.0212465 0.0250113 0.0244822 0.0229688 0.0201833 0.0237012 0.0210024 0.0200560 0.0211428 0.0226065 0.0191621 0.0226922 0.0202122 0.0190796 0.0197733 0.0209976 0.0214615 0.0202224 0.0206982 0.0209660 0.0203918 0.0198490 0.0202456 0.0199812 0.0207202 0.0204673 
Carlsbad_20151002_USA_1                       0.0366141 0.0303578 0.0624094 0.0254839 0.0456709 0.0501139 0.0437718 0.0433691 0.0349043 0.0155372 0.0368377 0.0158639 0.0331388 0.0165374 0.0372791 0.0000000 0.0259255 0.0571083 0.0513578 0.0557992 0.0536628 0.0549431 0.0524928 0.0536080 0.0531441 0.0531441 0.0180417 0.0417398 0.0186547 0.0278133 0.0281535 0.0253003 0.0172197 0.0349713 0.0295801 0.0295801 0.0345759 0.0270703 0.0270703 0.0212273 0.0254671 0.0276691 0.0256863 0.0228908 0.0218741 0.0232695 0.0232695 0.0250917 0.0251153 0.0238489 0.0222848 0.0248779 0.0237808 0.0237808 0.0226734 0.0234500 0.0233802 0.0240536 0.0163391 0.0217699 0.0236855 0.0287057 0.0248116 0.0249962 0.0249962 0.0257591 0.0243651 0.0270885 0.0270885 0.0247512 0.0247512 0.0248335 0.0245452 0.0195143 0.0266921 0.0330994 0.0314839 0.0197276 0.0187426 0.0210119 0.0242547 0.0282637 0.0203503 0.0213342 0.0207127 0.0189153 0.0202427 0.0300852 0.0222248 0.0202280 0.0202280 0.0202280 0.0218057 0.0218057 0.0238909 0.0205730 0.0205730 0.0202935 0.0186589 0.0222022 0.0225898 0.0191103 0.0229144 0.0229144 0.0215561 0.0189699 0.0163124 0.0165852 0.0202823 0.0199165 0.0199165 0.0174048 0.0309494 0.0205771 0.0188518 0.0166908 0.0200277 0.0199092 0.0199153 0.0192381 0.0163681 0.0162658 0.0156760 0.0157947 0.0154341 0.0154484 0.0157365 0.0154393 0.0154125 0.0174221 0.0164244 0.0203492 0.0189929 0.0195845 0.0192453 0.0195711 0.0183584 0.0177213 0.0176568 0.0176568 0.0209501 0.0209211 0.0193205 0.0167155 0.0189833 0.0167450 0.0177448 0.0161629 0.0183473 0.0151408 0.0184048 0.0154825 0.0153588 0.0156305 0.0164486 0.0167261 0.0158284 0.0161174 0.0164317 0.0168523 0.0168834 0.0170535 0.0164290 0.0179045 0.0175913 
Lisboa_20160225_Portugal_4                    0.0401602 0.0400213 0.0701672 0.0362566 0.0482189 0.0548389 0.0498611 0.0522567 0.0436251 0.0320430 0.0460592 0.0205165 0.0424807 0.0222016 0.0454458 0.0259255 0.0000000 0.0618261 0.0527636 0.0615109 0.0562186 0.0591057 0.0560321 0.0571030 0.0566818 0.0566818 0.0227373 0.0436826 0.0284250 0.0325701 0.0332154 0.0302562 0.0217584 0.0356176 0.0313394 0.0313394 0.0390840 0.0324865 0.0324865 0.0273546 0.0298692 0.0292585 0.0284503 0.0262302 0.0298738 0.0277426 0.0277426 0.0281633 0.0278730 0.0276462 0.0262259 0.0277045 0.0269645 0.0269645 0.0271977 0.0264286 0.0271086 0.0266033 0.0217988 0.0298395 0.0310368 0.0327741 0.0291709 0.0279438 0.0279438 0.0290944 0.0303719 0.0297421 0.0297421 0.0271796 0.0271796 0.0294250 0.0307506 0.0225592 0.0338131 0.0366876 0.0350021 0.0255872 0.0250255 0.0271692 0.0292735 0.0339529 0.0262230 0.0256300 0.0259500 0.0234381 0.0237262 0.0371604 0.0246183 0.0240056 0.0240056 0.0237178 0.0252152 0.0252152 0.0263950 0.0237174 0.0237174 0.0237952 0.0216996 0.0264800 0.0277162 0.0252810 0.0248914 0.0248914 0.0252245 0.0243171 0.0217779 0.0210158 0.0237700 0.0243314 0.0243314 0.0208966 0.0347623 0.0245901 0.0236288 0.0127585 0.0245026 0.0252497 0.0252183 0.0237202 0.0213683 0.0198616 0.0195385 0.0202424 0.0199111 0.0196876 0.0199005 0.0196320 0.0199412 0.0208434 0.0202107 0.0244257 0.0234711 0.0252142 0.0248920 0.0248954 0.0231532 0.0219961 0.0210666 0.0210666 0.0258845 0.0261373 0.0247132 0.0222277 0.0250259 0.0213585 0.0211410 0.0214978 0.0237380 0.0214207 0.0250375 0.0228678 0.0209722 0.0218045 0.0225348 0.0231253 0.0222854 0.0216793 0.0219744 0.0218950 0.0209539 0.0214424 0.0211506 0.0210491 0.0213900 
Waianae_20161212_USA_1                        0.0382974 0.0412949 0.0593985 0.0373492 0.0452080 0.0625062 0.0447569 0.0562691 0.0582443 0.0614311 0.0486603 0.0262971 0.0477098 0.0289662 0.0463122 0.0571083 0.0618261 0.0000000 0.0371208 0.0599665 0.0623617 0.0604746 0.0602603 0.0612017 0.0607488 0.0607488 0.0311135 0.0430517 0.0109408 0.0395424 0.0406483 0.0372757 0.0296529 0.0367032 0.0366252 0.0366252 0.0305073 0.0396596 0.0396596 0.0250547 0.0376355 0.0379588 0.0368760 0.0333384 0.0256029 0.0347176 0.0347176 0.0354821 0.0358719 0.0359273 0.0354062 0.0367086 0.0347861 0.0347861 0.0348171 0.0355283 0.0328368 0.0347562 0.0287758 0.0316805 0.0383669 0.0378781 0.0333639 0.0325521 0.0325521 0.0337245 0.0339937 0.0339373 0.0339373 0.0333149 0.0333149 0.0290903 0.0283437 0.0300556 0.0277334 0.0317348 0.0287344 0.0334856 0.0325241 0.0311542 0.0337629 0.0290983 0.0294432 0.0298899 0.0314631 0.0297060 0.0312875 0.0319960 0.0318511 0.0311514 0.0311514 0.0308282 0.0338511 0.0338511 0.0342710 0.0321712 0.0321712 0.0315409 0.0295806 0.0327703 0.0332622 0.0320003 0.0335538 0.0335538 0.0334863 0.0296194 0.0271715 0.0291804 0.0311058 0.0328385 0.0328385 0.0278435 0.0313048 0.0327748 0.0306881 0.0398530 0.0314223 0.0317599 0.0307306 0.0314021 0.0295986 0.0278576 0.0280005 0.0279190 0.0272814 0.0270162 0.0276115 0.0273135 0.0272670 0.0288377 0.0278119 0.0298763 0.0298204 0.0307392 0.0310738 0.0317265 0.0296819 0.0291360 0.0291567 0.0291567 0.0316577 0.0327791 0.0304372 0.0288144 0.0311624 0.0295416 0.0286682 0.0280024 0.0311078 0.0271689 0.0291399 0.0274656 0.0270296 0.0272675 0.0287828 0.0284106 0.0274814 0.0271300 0.0281348 0.0290817 0.0281059 0.0285840 0.0282535 0.0291859 0.0291538 
Honolulu_20161212_USA_1                       0.0287235 0.0411877 0.0589772 0.0288076 0.0418714 0.0574594 0.0378654 0.0527764 0.0525451 0.0524226 0.0491976 0.0230996 0.0438492 0.0230631 0.0398398 0.0513578 0.0527636 0.0371208 0.0000000 0.0540303 0.0599744 0.0573592 0.0582894 0.0593735 0.0589277 0.0589277 0.0255041 0.0407338 0.0087362 0.0359563 0.0368023 0.0326989 0.0236285 0.0334124 0.0322426 0.0322426 0.0300190 0.0354462 0.0354462 0.0198183 0.0334166 0.0348243 0.0329542 0.0300455 0.0215182 0.0314176 0.0314176 0.0317914 0.0318204 0.0317201 0.0301484 0.0327640 0.0316329 0.0316329 0.0318732 0.0313409 0.0284604 0.0323870 0.0230764 0.0290960 0.0338515 0.0331401 0.0293803 0.0283133 0.0283133 0.0302957 0.0295643 0.0316791 0.0316791 0.0290411 0.0290411 0.0250107 0.0244811 0.0261337 0.0257264 0.0295278 0.0275808 0.0304379 0.0291821 0.0276643 0.0308749 0.0243029 0.0266391 0.0276885 0.0290070 0.0242227 0.0283747 0.0296290 0.0287070 0.0283605 0.0283605 0.0277634 0.0303414 0.0303414 0.0311742 0.0277947 0.0277947 0.0277083 0.0249092 0.0290487 0.0299876 0.0279269 0.0296552 0.0296552 0.0289705 0.0256339 0.0227053 0.0253210 0.0274451 0.0284670 0.0284670 0.0240046 0.0291710 0.0294223 0.0271315 0.0334727 0.0278354 0.0278181 0.0276497 0.0271742 0.0253655 0.0244189 0.0241088 0.0234830 0.0238156 0.0239075 0.0241396 0.0238228 0.0238228 0.0248816 0.0241861 0.0274211 0.0263271 0.0278418 0.0271838 0.0277951 0.0259685 0.0251977 0.0255242 0.0255242 0.0280864 0.0289075 0.0273395 0.0245112 0.0276257 0.0248293 0.0248942 0.0248885 0.0262481 0.0226928 0.0259618 0.0237322 0.0226525 0.0229514 0.0237493 0.0252885 0.0240035 0.0240525 0.0240660 0.0236163 0.0242437 0.0244461 0.0238062 0.0254043 0.0254974 
Bogota_20160412_Colombia_1                    0.0452286 0.0507861 0.0794473 0.0450750 0.0625806 0.0729010 0.0555567 0.0689362 0.0685453 0.0549109 0.0644067 0.0380577 0.0596018 0.0388686 0.0595248 0.0557992 0.0615109 0.0599665 0.0540303 0.0000000 0.0791528 0.0772365 0.0762696 0.0780060 0.0774858 0.0774858 0.0392076 0.0602596 0.0165005 0.0501785 0.0485737 0.0480607 0.0360469 0.0517309 0.0483105 0.0483105 0.0453853 0.0475201 0.0475201 0.0294564 0.0455575 0.0477495 0.0430214 0.0421492 0.0322543 0.0425933 0.0425933 0.0452614 0.0445571 0.0426410 0.0418424 0.0444169 0.0425187 0.0425187 0.0436162 0.0425889 0.0405984 0.0444587 0.0346545 0.0415158 0.0443823 0.0462550 0.0452491 0.0468113 0.0468113 0.0470945 0.0422183 0.0458430 0.0458430 0.0446386 0.0446386 0.0383298 0.0366732 0.0394620 0.0377309 0.0425749 0.0438456 0.0447563 0.0406376 0.0407920 0.0419259 0.0392727 0.0404940 0.0408363 0.0421499 0.0359865 0.0378918 0.0401186 0.0398512 0.0387704 0.0387704 0.0384253 0.0403835 0.0403835 0.0418170 0.0394961 0.0394961 0.0423289 0.0403148 0.0391921 0.0404838 0.0386699 0.0416626 0.0416626 0.0386314 0.0374577 0.0343335 0.0353874 0.0382385 0.0375107 0.0375107 0.0347370 0.0394682 0.0378915 0.0399790 0.0346947 0.0400627 0.0423621 0.0412751 0.0402888 0.0369239 0.0357192 0.0354377 0.0355505 0.0356731 0.0356672 0.0359487 0.0356323 0.0355681 0.0376071 0.0367904 0.0395663 0.0390539 0.0364878 0.0367900 0.0374887 0.0368582 0.0364416 0.0390734 0.0390734 0.0410546 0.0390045 0.0404953 0.0396660 0.0411991 0.0382507 0.0354194 0.0389962 0.0403764 0.0348458 0.0379890 0.0381271 0.0360525 0.0362957 0.0375488 0.0359844 0.0378716 0.0374761 0.0364416 0.0348235 0.0357768 0.0348971 0.0355073 0.0358587 0.0359714 
Tampere_20151120_Finland_10                   0.0479278 0.0540139 0.0748432 0.0420747 0.0537303 0.0750087 0.0541468 0.0634618 0.0631860 0.0567562 0.0567602 0.0262223 0.0505735 0.0248920 0.0539016 0.0536628 0.0562186 0.0623617 0.0599744 0.0791528 0.0000000 0.0041377 0.0014873 0.0008470 0.0006346 0.0006346 0.0273633 0.0122585 0.0294842 0.0332245 0.0329041 0.0392758 0.0247975 0.0186685 0.0265194 0.0265194 0.0465884 0.0346463 0.0346463 0.0275142 0.0325690 0.0317053 0.0302782 0.0308576 0.0281606 0.0306238 0.0306238 0.0315698 0.0309812 0.0320034 0.0297545 0.0307256 0.0312898 0.0312898 0.0315881 0.0313359 0.0308478 0.0310025 0.0277107 0.0370131 0.0336519 0.0295599 0.0298665 0.0300606 0.0300606 0.0330892 0.0300226 0.0293542 0.0293542 0.0323599 0.0323599 0.0285526 0.0385126 0.0291170 0.0396611 0.0448103 0.0439416 0.0373484 0.0362697 0.0307150 0.0294218 0.0418152 0.0313368 0.0307983 0.0320949 0.0302954 0.0301459 0.0439363 0.0329592 0.0319095 0.0319095 0.0316084 0.0322185 0.0322185 0.0308795 0.0322138 0.0322138 0.0333928 0.0322074 0.0320780 0.0296783 0.0335559 0.0330182 0.0330182 0.0324388 0.0284989 0.0269088 0.0278750 0.0293145 0.0328653 0.0328653 0.0265467 0.0415576 0.0319031 0.0307535 0.0316288 0.0309633 0.0314547 0.0326751 0.0310689 0.0291551 0.0288553 0.0285279 0.0283673 0.0280365 0.0283448 0.0286301 0.0283528 0.0283079 0.0317949 0.0285257 0.0312430 0.0315047 0.0302418 0.0308285 0.0314600 0.0291952 0.0302255 0.0321312 0.0321312 0.0306871 0.0296372 0.0311231 0.0305920 0.0299166 0.0315051 0.0282839 0.0298091 0.0307863 0.0284864 0.0310682 0.0304774 0.0295950 0.0297677 0.0304897 0.0301617 0.0308055 0.0304342 0.0301777 0.0284567 0.0296375 0.0297448 0.0294558 0.0302564 0.0294392 
Tampere_20151120_Finland_8                    0.0504533 0.0537661 0.0760169 0.0428474 0.0551449 0.0744873 0.0538415 0.0638288 0.0658064 0.0588513 0.0571108 0.0262120 0.0525198 0.0252235 0.0563139 0.0549431 0.0591057 0.0604746 0.0573592 0.0772365 0.0041377 0.0000000 0.0029163 0.0035561 0.0033431 0.0033431 0.0289564 0.0158856 0.0293355 0.0336428 0.0333810 0.0406212 0.0256844 0.0220543 0.0288086 0.0288086 0.0474616 0.0338347 0.0338347 0.0291008 0.0336737 0.0330434 0.0319652 0.0322901 0.0297671 0.0311522 0.0311522 0.0326761 0.0320991 0.0334020 0.0311971 0.0322317 0.0326965 0.0326965 0.0329899 0.0327434 0.0323056 0.0324147 0.0280693 0.0373081 0.0346329 0.0315617 0.0312423 0.0305416 0.0305416 0.0334978 0.0307839 0.0301430 0.0301430 0.0323543 0.0323543 0.0293087 0.0388039 0.0300033 0.0392699 0.0453567 0.0451881 0.0383487 0.0369962 0.0320576 0.0305708 0.0413511 0.0321525 0.0316262 0.0328979 0.0308600 0.0309714 0.0440779 0.0334319 0.0324496 0.0324496 0.0321551 0.0339195 0.0339195 0.0325930 0.0335900 0.0335900 0.0338721 0.0324201 0.0328658 0.0307923 0.0340337 0.0334902 0.0334902 0.0326304 0.0296497 0.0280802 0.0289814 0.0301587 0.0336400 0.0336400 0.0274445 0.0418525 0.0335810 0.0318832 0.0326358 0.0323894 0.0328038 0.0334916 0.0321931 0.0306786 0.0297087 0.0293878 0.0292344 0.0286541 0.0289557 0.0294905 0.0292198 0.0291747 0.0329092 0.0297337 0.0317715 0.0320269 0.0307775 0.0310744 0.0322459 0.0303361 0.0313417 0.0326394 0.0326394 0.0323978 0.0307750 0.0325410 0.0317039 0.0310630 0.0326255 0.0288410 0.0303954 0.0319162 0.0294110 0.0318894 0.0313113 0.0304543 0.0306204 0.0310334 0.0312772 0.0313422 0.0309781 0.0307280 0.0296681 0.0305467 0.0306716 0.0303399 0.0308161 0.0306257 
Tampere_20151120_Finland_9                    0.0474608 0.0518510 0.0729288 0.0414891 0.0540594 0.0725691 0.0528706 0.0624014 0.0633831 0.0563396 0.0555669 0.0251019 0.0506970 0.0238231 0.0535540 0.0524928 0.0560321 0.0602603 0.0582894 0.0762696 0.0014873 0.0029163 0.0000000 0.0010214 0.0008162 0.0008162 0.0269322 0.0130443 0.0287692 0.0324088 0.0321507 0.0389898 0.0240504 0.0187683 0.0263760 0.0263760 0.0456121 0.0333027 0.0333027 0.0275904 0.0321835 0.0316279 0.0305043 0.0308095 0.0282342 0.0297141 0.0297141 0.0312077 0.0306406 0.0319155 0.0297452 0.0307662 0.0312272 0.0312272 0.0315150 0.0312715 0.0307991 0.0309499 0.0269671 0.0365131 0.0331976 0.0298518 0.0298671 0.0291940 0.0291940 0.0320909 0.0294226 0.0294085 0.0294085 0.0316782 0.0316782 0.0286019 0.0375381 0.0288733 0.0379913 0.0435631 0.0434140 0.0367434 0.0354218 0.0306724 0.0291547 0.0400382 0.0307022 0.0301838 0.0314281 0.0294155 0.0295202 0.0427232 0.0319554 0.0309833 0.0309833 0.0306942 0.0324260 0.0324260 0.0311298 0.0321042 0.0321042 0.0323819 0.0312444 0.0313983 0.0293637 0.0325335 0.0320105 0.0320105 0.0314542 0.0282531 0.0264136 0.0275657 0.0287440 0.0321510 0.0321510 0.0260480 0.0404633 0.0320955 0.0304372 0.0307957 0.0309261 0.0311121 0.0320115 0.0307411 0.0292205 0.0282730 0.0279592 0.0278025 0.0272330 0.0275286 0.0280555 0.0277889 0.0277466 0.0314395 0.0283086 0.0303215 0.0305731 0.0293501 0.0296411 0.0307910 0.0289226 0.0299045 0.0311734 0.0311734 0.0309342 0.0293473 0.0310806 0.0302567 0.0296302 0.0311601 0.0274335 0.0289666 0.0304686 0.0279931 0.0304440 0.0298756 0.0290224 0.0291904 0.0296023 0.0298436 0.0299048 0.0295504 0.0293034 0.0282346 0.0290977 0.0292268 0.0289028 0.0293745 0.0291837 
